#SLFR RTP Motor_Comp_w_accel_fb
#Gth num=[ 18.32547182 -17.20911971]
#Gth den=[ 1.         -0.77672958]
#Ga num=[ 0.00045097  0.00045152 -0.00044989 -0.00045043]
#Ga den=[ 1.         -2.9289362   2.85853684 -0.92960052]
#t	n	u	v	$\theta$	a	$\hat{\theta}_d$
0	0	0	0	0	0.04	0
0.002	1	0	-0.0003305725339	0	0.04	-1.80389644e-05
0.004	2	0	-0.001576099875	0	0.04	-8.893463285e-05
0.006	3	0	-0.00385401969	0	0.04	-0.0002270229702
0.008	4	0	-0.006922065874	0	0.04	-0.0004275688145
0.01	5	0	-0.01059212525	0	0.04	-0.0006861288479
0.012	6	0	-0.01471815009	0	0.04	-0.000998533996
0.014	7	0	-0.0191867691	0	0.04	-0.001360872883
0.016	8	0	-0.02390999446	0	0.04	-0.001769476283
0.018	9	0	-0.02881955695	0	0.04	-0.002220902504
0.02	10	200	200	0	0.04	199.9972881
0.022	11	200	200	0	1.04	199.9967605
0.024	12	200	200	1	0.04	199.9957482
0.026	13	200	200	1	-1.96	199.9938344
0.028	14	200	200	2	13.04	199.9924356
0.03	15	200	200	4	1.04	199.9870071
0.032	16	200	200	5	-5.96	199.9706157
0.034	17	200	200	7	-16.96	199.951246
0.036	18	200	200	9	-18.96	199.9458017
0.038	19	200	200	11	-25.96	199.9673012
0.04	20	200	200	14	-24.96	200.0237869
0.042	21	200	200	16	-24.96	200.1195668
0.044	22	200	200	19	-19.96	200.2541179
0.046	23	200	200	21	-8.96	200.4219702
0.048	24	200	200	24	1.04	200.6112489
0.05	25	200	200	27	-7.96	200.8036739
0.052	26	200	200	30	5.04	200.9889943
0.054	27	200	200	33	1.04	201.1653402
0.056	28	200	200	37	10.04	201.327369
0.058	29	200	200	40	20.04	201.4696653
0.06	30	200	200	43	24.04	201.582691
0.062	31	200	200	46	37.04	201.6535268
0.064	32	200	200	50	48.04	201.6710753
0.066	33	200	200	53	54.04	201.6205289
0.068	34	200	200	56	72.04	201.4881455
0.07	35	200	200	60	65.04	201.2611825
0.072	36	200	200	63	55.04	200.9305409
0.074	37	200	200	67	67.04	200.506302
0.076	38	200	200	70	71.04	200.0019615
0.078	39	200	200	74	70.04	199.4152447
0.08	40	200	200	77	71.04	198.7436305
0.082	41	200	200	80	61.04	197.9920375
0.084	42	200	200	84	73.04	197.170501
0.086	43	200	196.6661459	87	73.04	196.2874995
0.088	44	200	200	90	72.04	195.3414888
0.09	45	200	200	94	60.04	194.3324208
0.092	46	200	179.0749894	97	67.04	193.2715609
0.094	47	200	174.7743187	100	58.04	192.1712278
0.096	48	200	166.252684	103	55.04	191.0379481
0.098	49	200	154.5852303	106	50.04	189.8809718
0.1	50	200	140.6554632	109	46.04	188.7116268
0.102	51	200	125.123219	112	45.04	187.53911
0.104	52	200	108.4748314	114	60.04	186.3706293
0.106	53	200	109.2222832	117	54.04	185.2025179
0.108	54	200	87.76916065	119	68.04	184.0250485
0.11	55	200	84.48010491	121	68.04	182.8318781
0.112	56	200	77.92362022	123	70.04	181.6148571
0.114	57	200	68.71342556	125	75.04	180.3691192
0.116	58	200	57.38510331	126	81.04	179.0933081
0.118	59	200	62.60626404	127	76.04	177.7821194
0.12	60	200	63.39276327	129	86.04	176.4333421
0.122	61	200	42.37955431	130	85.04	175.0476451
0.124	62	200	39.8729171	130	93.04	173.6220638
0.126	63	200	52.74602764	131	97.04	172.1529594
0.128	64	200	41.89545858	132	95.04	170.6356171
0.13	65	200	29.73467474	132	88.04	169.0679303
0.132	66	200	34.96362265	133	89.04	167.4574374
0.134	67	200	18.31243945	133	82.04	165.8147865
0.136	68	200	20.32214553	133	71.04	164.1485525
0.138	69	200	19.83653122	133	64.04	162.4721409
0.14	70	200	17.72927142	133	48.04	160.8034452
0.142	71	200	14.71745591	133	43.04	159.1613686
0.144	72	200	11.37966569	132	35.04	157.5648413
0.146	73	200	26.40472836	132	26.04	156.0269448
0.148	74	200	20.41304366	132	12.04	154.5580156
0.15	75	200	15.6413321	132	2.04	153.1721429
0.152	76	200	12.20718492	132	-6.96	151.8855475
0.154	77	200	10.16532531	131	-17.96	150.7114643
0.156	78	200	27.84743454	131	-28.96	149.6603411
0.158	79	200	25.65407971	131	-39.96	148.7431828
0.16	80	200	25.5843273	130	-40.96	147.9710557
0.162	81	200	45.7559635	130	-37.96	147.3496645
0.164	82	200	46.18071566	130	-34.96	146.8734078
0.166	83	200	48.39277057	130	-29.96	146.5288698
0.168	84	200	51.8603113	129	-26.96	146.3007816
0.17	85	200	74.48029981	129	-17.96	146.1739624
0.172	86	200	76.26196122	129	-11.96	146.1324202
0.174	87	200	78.83068059	129	-8.96	146.1580646
0.176	88	200	81.80126395	130	-2.96	146.2353724
0.178	89	200	66.60046308	131	-5.96	146.3525715
0.18	90	200	54.38744458	132	3.04	146.5013884
0.182	91	200	44.41376511	132	17.04	146.6754571
0.184	92	200	54.2589809	133	19.04	146.859819
0.186	93	200	43.63713147	134	-28.96	147.0360359
0.188	94	200	34.57378281	135	-4.96	147.2180692
0.19	95	200	27.29609796	136	3.04	147.4369487
0.192	96	200	21.33076107	137	0.04	147.6863574
0.194	97	200	16.07111447	138	-5.96	147.94732
0.196	98	200	11.38757349	139	-21.96	148.2206593
0.198	99	200	7.402368003	141	-34.96	148.5193103
0.2	100	200	-13.95199565	142	-24.96	148.8643169
0.202	101	200	-13.00974648	143	-38.96	149.2666697
0.204	102	200	-11.91391605	144	-59.96	149.7252909
0.206	103	200	-10.39050305	145	-56.96	150.2535756
0.208	104	200	-8.113770502	146	-68.96	150.8702648
0.21	105	200	-5.049387067	147	-59.96	151.5810245
0.212	106	200	-1.296513568	148	-46.96	152.3843096
0.214	107	200	2.810895121	149	-62.96	153.2646483
0.216	108	200	7.015005657	150	-61.96	154.2075965
0.218	109	200	11.42288727	151	-58.96	155.216361
0.22	110	200	16.0586723	152	-59.96	156.2907319
0.222	111	200	20.79995678	153	-48.96	157.4228099
0.224	112	200	25.50268799	154	-58.96	158.6025041
0.226	113	200	30.06429191	156	-70.96	159.8208468
0.228	114	200	16.34505808	157	-51.96	161.0839009
0.23	115	200	24.06442294	158	-44.96	162.3945782
0.232	116	200	30.93231015	160	-40.96	163.7339153
0.234	117	200	18.48856343	161	-41.96	165.0824426
0.236	118	200	26.44767576	163	-49.96	166.4324072
0.238	119	200	14.75435891	164	-48.96	167.7856128
0.24	120	200	23.44801594	166	-42.96	169.1482468
0.242	121	200	12.42598984	168	-45.96	170.5188478
0.244	122	200	3.200582904	169	-51.96	171.8915419
0.246	123	200	13.73051027	171	-58.96	173.2680775
0.248	124	200	4.236709002	173	-50.96	174.6572959
0.25	125	200	-3.518802091	175	-54.96	176.0629096
0.252	126	200	-9.983160629	176	-49.96	177.4806987
0.254	127	200	2.822332358	178	-55.96	178.9067295
0.256	128	200	-4.955947372	180	-68.96	180.3395916
0.258	129	200	-11.36433221	182	-59.96	181.7869887
0.26	130	200	-16.5364055	183	-67.96	183.2574361
0.262	131	200	-2.417274175	185	-59.96	184.7498272
0.264	132	200	-8.876337605	187	-62.96	186.2613163
0.266	133	200	-14.17043476	188	-75.96	187.7874407
0.268	134	200	-0.1618840639	190	-65.96	189.3312548
0.27	135	200	-6.557200555	191	-65.96	190.8992
0.272	136	200	6.65547491	193	-55.96	192.4855326
0.274	137	200	-0.6213814147	195	-52.96	194.0790349
0.276	138	200	-6.812124562	196	-62.96	195.6679097
0.278	139	200	6.100406145	198	-58.96	197.2488477
0.28	140	200	-1.591760645	199	-53.96	198.8273426
0.282	141	200	10.2051745	201	-52.96	200.4012943
0.284	142	200	1.465283502	202	-47.96	201.9633402
0.286	143	200	12.19449167	204	-48.96	203.5079885
0.288	144	200	2.414973176	205	-49.96	205.0310406
0.29	145	200	12.21095533	207	-33.96	206.5322102
0.292	146	200	1.557245459	208	-38.96	208.0062837
0.294	147	200	10.32794268	210	-34.96	209.4425626
0.296	148	200	-1.44045798	212	-35.96	210.838328
0.298	149	200	-11.9781041	213	-38.96	212.1946815
0.3	150	200	-3.234296923	215	-35.96	213.5140248
0.302	151	200	-15.02375502	216	-27.96	214.7999688
0.304	152	200	-7.32671333	218	-39.96	216.0491295
0.306	153	200	-20.09383904	219	-38.96	217.2601833
0.308	154	200	-13.10437752	220	-35.96	218.4418429
0.31	155	200	-7.928514093	222	-37.96	219.5986271
0.312	156	200	-22.53638874	223	-22.96	220.729345
0.314	157	200	-17.09978423	224	-38.96	221.8288455
0.316	158	200	-13.4089956	225	-37.96	222.893255
0.318	159	200	-10.94769061	227	-31.96	223.9316163
0.32	160	200	-27.70750223	228	-33.96	224.948754
0.322	161	200	-23.96052503	229	-29.96	225.9406028
0.324	162	200	-21.55040698	230	-31.96	226.9056489
0.326	163	200	-20.21757979	231	-36.96	227.8434018
0.328	164	200	-19.68567468	231	-28.96	228.7574799
0.33	165	200	-1.423113085	232	-19.96	229.6508143
0.332	166	200	-5.094495637	233	-23.96	230.5153223
0.334	167	200	-8.779753881	234	-20.96	231.3425963
0.336	168	200	-12.51159117	235	-16.96	232.1329509
0.338	169	200	-16.3315846	235	-21.96	232.8857989
0.34	170	200	-1.946059319	236	-7.96	233.6006159
0.342	171	200	-9.02187625	237	-14.96	234.2760344
0.344	172	200	-15.6912267	237	-16.96	234.9071972
0.346	173	200	-3.702405144	238	-11.96	235.4977271
0.348	174	200	-12.70589445	239	-13.96	236.0528239
0.35	175	200	-20.85527155	239	-5.96	236.5719362
0.352	176	200	-10.08974142	240	-4.96	237.0532193
0.354	177	200	-20.28990923	240	-10.96	237.4922724
0.356	178	200	-11.27100171	241	-8.96	237.8899854
0.358	179	200	-22.781756	241	-5.96	238.2530732
0.36	180	200	-14.71030841	241	-7.96	238.5832962
0.362	181	200	-8.685537383	242	-5.96	238.8800573
0.364	182	200	-22.58181237	242	-8.96	239.1450751
0.366	183	200	-16.40601557	242	-11.96	239.3808697
0.368	184	200	-11.78850764	242	-2.96	239.5925096
0.37	185	200	-8.379477347	242	-2.96	239.7815695
0.372	186	200	-6.031179847	243	-4.96	239.9427636
0.374	187	200	-22.88710673	243	-3.96	240.0747963
0.376	188	200	-19.09662795	243	-3.96	240.1809885
0.378	189	200	-16.47531754	243	-0.96	240.2630932
0.38	190	200	-14.79192623	243	0.04	240.3209521
0.382	191	200	-13.89134608	243	-3.96	240.353079
0.384	192	200	-13.60301265	243	-4.96	240.3608116
0.386	193	200	-13.7200101	243	1.04	240.3494676
0.388	194	200	-14.14834742	243	3.04	240.3203997
0.39	195	200	-14.92247432	243	7.04	240.2690146
0.392	196	200	-16.07647274	243	7.04	240.1905989
0.394	197	200	-17.60274916	243	4.04	240.0825855
0.396	198	200	-19.42031962	242	7.04	239.9466609
0.398	199	200	-3.107715365	242	7.04	239.7862149
0.4	200	200	-8.266346305	242	6.04	239.6017106
0.402	201	200	-12.90364034	242	18.04	239.394044
0.404	202	200	-17.21244365	241	6.04	239.1604544
0.406	203	200	-3.024641908	241	10.04	238.8979363
0.408	204	200	-9.930799386	241	12.04	238.6122778
0.41	205	200	-15.98859668	241	10.04	238.3061731
0.412	206	200	-21.43021824	240	6.04	237.9785339
0.414	207	200	-8.010972821	240	7.04	237.6337712
0.416	208	200	-15.39543702	240	4.04	237.2773529
0.418	209	200	-21.68232448	239	8.04	236.912571
0.42	210	200	-8.777383087	239	9.04	236.54069
0.422	211	200	-16.54430812	239	6.04	236.159734
0.424	212	200	-23.17751169	238	8.04	235.7692217
0.426	213	200	-10.57383981	238	9.04	235.3714166
0.428	214	200	-18.57369607	237	6.04	234.9661743
0.43	215	200	-7.044756303	237	8.04	234.5538154
0.432	216	200	-15.85116132	236	5.04	234.1364462
0.434	217	200	-4.895923796	236	6.04	233.7155787
0.436	218	200	-14.09564579	236	10.04	233.2930729
0.438	219	200	-21.76087981	235	10.04	232.8679547
0.44	220	200	-9.977852154	235	15.04	232.436613
0.442	221	200	-18.69185378	234	15.04	231.9956902
0.444	222	200	-7.868043472	234	14.04	231.5416156
0.446	223	200	-17.42909122	233	14.04	231.073779
0.448	224	200	-7.265111906	232	20.04	230.5943261
0.45	225	200	0.9766566422	232	10.04	230.1021037
0.452	226	200	-10.6090875	231	17.04	229.5973982
0.454	227	200	-1.995396411	231	10.04	229.0845423
0.456	228	200	-13.19497886	230	20.04	228.5657688
0.458	229	200	-4.267576951	230	15.04	228.040453
0.46	230	200	-15.30075627	229	21.04	227.5057623
0.462	231	200	-6.345475153	229	13.04	226.9599674
0.464	232	200	-17.38308715	228	16.04	226.4046216
0.466	233	200	-8.34966562	228	13.04	225.8438817
0.468	234	200	-19.21267116	227	10.04	225.2807174
0.47	235	200	-9.939000632	227	10.04	224.7183446
0.472	236	200	-20.47865636	226	4.04	224.1611088
0.474	237	200	-10.79353041	226	9.04	223.6130508
0.476	238	200	-20.87127488	225	9.04	223.0770239
0.478	239	200	-10.79377762	224	14.04	222.5507159
0.48	240	200	-2.348512585	224	4.04	222.0292628
0.482	241	200	-13.49147657	223	14.04	221.5126441
0.484	242	200	-4.268292615	223	3.04	221.0030927
0.486	243	200	-14.74787781	222	12.04	220.5008782
0.488	244	200	-4.967358609	221	7.04	220.0071492
0.49	245	200	3.328306148	221	5.04	219.5207143
0.492	246	200	-7.825767423	220	11.04	219.0427153
0.494	247	200	1.476357247	220	10.04	218.5742095
0.496	248	200	-8.937821835	219	12.04	218.1107634
0.498	249	200	0.8231210155	219	17.04	217.6496005
0.5	250	200	-9.341279796	218	8.04	217.1872331
0.502	251	200	0.5328047375	218	16.04	216.7226703
0.504	252	200	-9.516435927	217	8.04	216.2585987
0.506	253	200	0.5071818435	217	14.04	215.7957143
0.508	254	200	-9.39116634	216	4.04	215.3351148
0.51	255	200	0.8253991828	216	13.04	214.8796243
0.512	256	200	-8.823232524	215	6.04	214.431417
0.514	257	200	1.62838542	215	12.04	213.989806
0.516	258	200	-7.846555365	215	9.04	213.554148
0.518	259	200	-15.60258356	214	10.04	213.1233896
0.52	260	200	-3.702300532	214	6.04	212.696998
0.522	261	200	-12.02364535	213	10.04	212.2771807
0.524	262	200	-0.488751153	213	-1.96	211.8650861
0.526	263	200	-8.996077675	213	9.04	211.464033
0.528	264	200	-15.78459365	212	-0.96	211.0775549
0.53	265	200	-2.910590069	212	4.04	210.7048728
0.532	266	200	-10.26369532	211	7.04	210.3470574
0.534	267	200	2.183642902	211	5.04	210.0019395
0.536	268	200	-5.596567349	210	9.04	209.6647869
0.538	269	200	6.424154062	210	7.04	209.3338961
0.54	270	200	-1.740145194	210	6.04	209.0072268
0.542	271	200	-8.362440126	209	6.04	208.6851323
0.544	272	200	4.574330829	209	2.04	208.3692916
0.546	273	200	-2.787574097	209	5.04	208.0617142
0.548	274	200	-8.663529886	208	0.04	207.7642659
0.55	275	200	4.966652512	208	6.04	207.4777748
0.552	276	200	-1.777051867	208	5.04	207.2021033
0.554	277	200	-7.184874114	208	6.04	206.93396
0.556	278	200	-11.59462891	207	7.04	206.6707281
0.558	279	200	3.081903573	207	4.04	206.4113219
0.56	280	200	-2.949033347	207	5.04	206.1556304
0.562	281	200	-7.819684338	206	2.04	205.905352
0.564	282	200	6.57131444	206	1.04	205.6620642
0.566	283	200	0.4399741128	206	4.04	205.4281327
0.568	284	200	-4.404916888	206	-0.96	205.2039501
0.57	285	200	-8.249642351	206	5.04	204.9889738
0.572	286	200	-11.30832039	205	5.04	204.7831446
0.574	287	200	4.512003837	205	4.04	204.5827938
0.576	288	200	-0.5783697815	205	3.04	204.3854059
0.578	289	200	-4.675100708	205	1.04	204.1922452
0.58	290	200	-7.957271755	204	1.04	204.0053881
0.582	291	200	7.761102677	204	1.04	203.8267633
0.584	292	200	2.720374034	204	0.04	203.656808
0.586	293	200	-1.226666959	204	-1.96	203.4954731
0.588	294	200	-4.290724263	204	1.04	203.3440606
0.59	295	200	-6.652293364	204	3.04	203.2028745
0.592	296	200	-8.517842038	204	1.04	203.068584
0.594	297	200	-10.03904023	203	3.04	202.938536
0.596	298	200	7.033458793	203	-0.96	202.8125132
0.598	299	200	3.030916651	203	-0.96	202.6912133
0.6	300	200	-0.08193903022	203	-0.96	202.5770866
0.602	301	200	-2.470556071	203	-1.96	202.4715072
0.604	302	200	-4.288538405	203	0.04	202.3743965
0.606	303	200	-5.663538282	203	0.04	202.285225
0.608	304	200	-6.719504387	202	1.04	202.2021425
0.61	305	200	10.77297818	202	2.04	202.1234233
0.612	306	200	7.113388825	202	4.04	202.0474588
0.614	307	200	4.192557875	202	0.04	201.971848
0.616	308	200	1.838041498	202	0.04	201.8961602
0.618	309	200	-0.02618632976	202	-0.96	201.8231512
0.62	310	200	-1.467893126	202	0.04	201.7549331
0.622	311	200	-2.57314859	202	0.04	201.6916653
0.624	312	200	-3.425412062	202	-0.96	201.6325912
0.626	313	200	-4.081173967	202	-0.96	201.577455
0.628	314	200	-4.567786842	202	-0.96	201.5269183
0.63	315	200	-4.914911445	202	0.04	201.4811431
0.632	316	200	-5.162190861	202	-0.96	201.4393758
0.634	317	200	-5.340344705	202	-0.96	201.4009121
0.636	318	200	-5.456632945	202	-1.96	201.365997
0.638	319	200	-5.508505992	202	-0.96	201.3353071
0.64	320	200	-5.50239685	202	0.04	201.3090188
0.642	321	200	-5.468169372	202	-0.96	201.2859407
0.644	322	200	-5.428871634	202	0.04	201.2649622
0.646	323	200	-5.385729567	201	0.04	201.2459502
0.648	324	200	12.97751134	201	1.04	201.2283288
0.65	325	200	10.01937327	201	1.04	201.2111102
0.652	326	200	7.693006013	201	1.04	201.1933748
0.654	327	200	5.849361159	201	0.04	201.1747177
0.656	328	200	4.389268624	201	0.04	201.155665
0.658	329	200	3.243887835	201	0.04	201.1371573
0.66	330	200	2.351333851	201	0.04	201.1196185
0.662	331	200	1.655199002	201	-0.96	201.1029921
0.664	332	200	1.11993289	201	-0.96	201.0876754
0.666	333	200	0.7261117531	201	-1.96	201.0744889
0.668	334	200	0.4585000704	201	-1.96	201.0641945
0.67	335	200	0.3051162638	201	-1.96	201.0575001
0.672	336	200	0.2482427193	201	-1.96	201.0546112
0.674	337	200	0.2657812499	201	-1.96	201.055266
0.676	338	200	0.3405699032	201	-1.96	201.0592186
0.678	339	200	0.4592810361	201	0.04	201.0662384
0.68	340	200	0.595036776	201	0.04	201.075207
0.682	341	200	0.7105823338	201	0.04	201.0841805
0.684	342	200	0.7938073167	201	0.04	201.0922513
0.686	343	200	0.8519825689	201	1.04	201.0994775
0.688	344	200	0.8824914502	201	1.04	201.1054626
0.69	345	200	0.8751112628	201	1.04	201.1093872
0.692	346	200	0.8303135666	201	0.04	201.110941
0.694	347	200	0.7650660907	201	0.04	201.1107385
0.696	348	200	0.7007370561	201	0.04	201.1098034
0.698	349	200	0.6455104046	201	0.04	201.1086382
0.7	350	200	0.5974039975	201	0.04	201.1072597
0.702	351	200	0.5548779378	201	-0.96	201.1056836
0.704	352	200	0.5250001335	201	-0.96	201.1043756
0.706	353	200	0.5214505264	201	-1.96	201.1042199
0.708	354	200	0.5547069722	201	-0.96	201.106039
0.71	355	200	0.6244966044	200	-0.96	201.110146
0.712	356	200	19.03947835	200	-0.96	201.1159292
0.714	357	200	16.16054166	200	0.04	201.1228183
0.716	358	200	13.94260389	200	1.04	201.1302818
0.718	359	200	12.21312576	200	2.04	201.1369228
0.72	360	200	10.83004941	200	1.04	201.1409908
0.722	361	200	9.699858625	200	1.04	201.1417598
0.724	362	200	8.774855886	200	5.04	201.1399089
0.726	363	200	7.984859702	200	-1.96	201.1342681
0.728	364	200	7.292106263	200	-1.96	201.1246524
0.73	365	200	6.758241339	200	-1.96	201.1158525
0.732	366	200	6.405611296	200	-2.96	201.1109741
0.734	367	200	6.201469706	200	-3.96	201.1101995
0.736	368	200	6.136838412	201	0.04	201.1145977
0.738	369	200	-12.15400415	201	-0.96	201.1233571
0.74	370	200	-9.117437342	201	1.04	201.1334648
0.742	371	200	-6.757729415	201	1.04	201.1430176
0.744	372	200	-4.948564747	201	0.04	201.1506957
0.746	373	200	-3.575079359	201	0.04	201.1561738
0.748	374	200	-2.523188709	201	0.04	201.1605031
0.75	375	200	-1.712693062	201	-2.96	201.1642118
0.752	376	200	-1.064844562	201	3.04	201.1686939
0.754	377	200	-0.5434921145	201	3.04	201.1738933
0.756	378	200	-0.1949339252	201	6.04	201.1756988
0.758	379	200	-0.05446511573	201	6.04	201.1702858
0.76	380	200	-0.1240447111	201	5.04	201.1554519
0.762	381	200	-0.3716994362	201	5.04	201.1309565
0.764	382	200	-0.7393979196	201	4.04	201.0983854
0.766	383	200	-1.182222713	201	0.04	201.0592189
0.768	384	200	-1.632384816	201	0.04	201.0166429
0.77	385	200	-2.012889756	201	1.04	200.974977
0.772	386	200	-2.314191499	201	1.04	200.9355354
0.774	387	200	-2.570422382	201	1.04	200.897285
0.776	388	200	-2.799684517	201	2.04	200.8597146
0.778	389	200	-3.015967666	201	0.04	200.8223479
0.78	390	200	-3.221803382	201	0.04	200.7851925
0.782	391	200	-3.394368862	201	-1.96	200.7496083
0.784	392	200	-3.507898105	201	-2.96	200.7173108
0.786	393	200	-3.534411799	201	-3.96	200.690346
0.788	394	200	-3.452548129	201	-3.96	200.6706148
0.79	395	200	-3.262611903	201	-2.96	200.6589804
0.792	396	200	-2.989851452	201	-0.96	200.6548885
0.794	397	200	-2.686930638	201	0.04	200.6560149
0.796	398	200	-2.410983178	201	1.04	200.6592914
0.798	399	200	-2.197675014	201	2.04	200.6623122
0.8	400	200	-2.06607327	200	1.04	200.6632892
0.802	401	200	16.31130824	200	1.04	200.6614614
0.804	402	200	13.33484616	200	1.04	200.657475
0.806	403	200	10.989977	200	-0.96	200.6519327
0.808	404	200	9.15250833	200	1.04	200.6458472
0.81	405	200	7.725826789	200	2.04	200.6401617
0.812	406	200	6.593419554	200	5.04	200.6334986
0.814	407	200	5.631951803	200	3.04	200.6227726
0.816	408	200	4.762670243	200	2.04	200.6060163
0.818	409	200	3.982620541	200	0.04	200.584559
0.82	410	200	3.322411439	200	1.04	200.5614447
0.822	411	200	2.788840109	200	-0.96	200.5386052
0.824	412	200	2.370358327	200	-1.96	200.5169365
0.826	413	200	2.0743749	200	-2.96	200.4981737
0.828	414	200	1.91461178	200	-0.96	200.4843813
0.83	415	200	1.868300599	200	0.04	200.4756734
0.832	416	200	1.876363129	200	1.04	200.4698989
0.834	417	200	1.884945531	200	0.04	200.4646028
0.836	418	200	1.877381849	200	0.04	200.4588528
0.838	419	200	1.86566769	200	-1.96	200.4531345
0.84	420	200	1.875574244	200	0.04	200.4488015
0.842	421	200	1.918632228	200	-1.96	200.4466623
0.844	422	200	1.987122043	200	-0.96	200.4465658
0.846	423	200	2.083313332	200	-0.96	200.4488213
0.848	424	200	2.200632265	200	1.04	200.4532642
0.85	425	200	2.309181762	200	3.04	200.4583873
0.852	426	200	2.361170678	200	3.04	200.4614344
0.854	427	200	2.319922643	200	2.04	200.4598414
0.856	428	200	2.198713861	200	2.04	200.4534796
0.858	429	200	2.032719785	200	1.04	200.4435846
0.86	430	200	1.849110444	200	1.04	200.4313088
0.862	431	200	1.668838319	200	1.04	200.4177259
0.864	432	200	1.499762787	200	1.04	200.4033851
0.866	433	200	1.33964794	200	1.04	200.3883469
0.868	434	200	1.186755077	200	3.04	200.3726681
0.87	435	200	1.023203036	200	3.04	200.3555
0.872	436	200	0.8187200903	200	2.04	200.3351516
0.874	437	200	0.5748789925	200	1.04	200.3114036
0.876	438	200	0.3260281462	200	0.04	200.2858581
0.878	439	200	0.1068847494	200	-0.96	200.260458
0.88	440	200	-0.05588480902	200	-0.96	200.2370115
0.882	441	200	-0.1501303647	200	-1.96	200.2167495
0.884	442	200	-0.1749015538	200	-1.96	200.2003646
0.886	443	200	-0.1296078132	200	-0.96	200.1884995
0.888	444	200	-0.03046577287	200	0.04	200.1808475
0.89	445	200	0.08513770053	200	0.04	200.1757678
0.892	446	200	0.1883870408	200	0.04	200.1717318
0.894	447	200	0.2736520049	200	-0.96	200.1682183
0.896	448	200	0.3531623206	200	0.04	200.1656436
0.898	449	200	0.4363433577	200	-0.96	200.1643948
0.9	450	200	0.5221783388	200	-0.96	200.1643804
0.902	451	200	0.6181426956	200	-0.96	200.1659653
0.904	452	200	0.7299698691	200	-0.96	200.1694885
0.906	453	200	0.8537763588	200	1.04	200.1748133
0.908	454	200	0.9700189249	200	2.04	200.1809093
0.91	455	200	1.038874512	200	2.04	200.1854643
0.912	456	200	1.038046416	200	1.04	200.1867783
0.914	457	200	0.9835684216	200	1.04	200.1850744
0.916	458	200	0.9044209894	200	1.04	200.1814645
0.918	459	200	0.814699761	200	1.04	200.1765332
0.92	460	200	0.7170133745	200	0.04	200.1703745
0.922	461	200	0.6216509667	200	0.04	200.1635276
0.924	462	200	0.5447933881	200	1.04	200.1569457
0.926	463	200	0.4823312338	200	1.04	200.1506139
0.928	464	200	0.4145435451	200	1.04	200.1436163
0.93	465	200	0.3345241509	200	1.04	200.1355515
0.932	466	200	0.2452458945	200	0.04	200.1264979
0.934	467	200	0.1572806529	200	-0.96	200.1169797
0.936	468	200	0.09529306914	200	-0.96	200.1083872
0.938	469	200	0.07821796348	200	-1.96	200.1020137
0.94	470	200	0.1122764013	200	-1.96	200.0986107
0.942	471	200	0.2021536543	200	-1.96	200.098876
0.944	472	200	0.3430786305	200	-0.96	200.1030057
0.946	473	200	0.5147456618	200	-0.96	200.1102784
0.948	474	200	0.693195562	200	0.04	200.1195697
0.95	475	200	0.8599693787	200	-0.96	200.1298321
0.952	476	200	1.009144085	200	-0.96	200.1405408
0.954	477	200	1.15272346	200	-1.96	200.1521093
0.956	478	200	1.308223139	200	-0.96	200.1653729
0.958	479	200	1.480837841	200	-0.96	200.1806569
0.96	480	200	1.658002614	200	-0.96	200.1973613
0.962	481	200	1.830034896	200	0.04	200.2149265
0.964	482	200	1.989490691	200	1.04	200.2328313
0.966	483	200	2.11413583	200	2.04	200.2496886
0.968	484	200	2.17865994	200	2.04	200.2637569
0.97	485	200	2.171964705	200	1.04	200.2738679
0.972	486	200	2.11044393	200	1.04	200.2802897
0.974	487	200	2.023358133	200	1.04	200.2841756
0.976	488	200	1.925020855	200	0.04	200.2861499
0.978	489	200	1.826474634	200	0.04	200.2867943
0.98	490	200	1.744485873	200	0.04	200.2871024
0.982	491	200	1.683664619	200	0.04	200.2875479
0.984	492	200	1.639253278	200	1.04	200.2881207
0.986	493	200	1.599292378	200	1.04	200.2883603
0.988	494	200	1.546302429	200	0.04	200.2873875
0.99	495	200	1.483382855	200	-0.96	200.2852865
0.992	496	200	1.43773311	200	-0.96	200.2834893
0.994	497	200	1.430257172	200	-0.96	200.2833285
0.996	498	200	1.460441555	200	-0.96	200.2851415
0.998	499	200	1.519550413	200	-1.96	200.2887902
1	500	200	1.609064309	200	-0.96	200.294596
1.002	501	200	1.730061091	200	-1.96	200.3028566
1.004	502	200	1.875041944	200	0.04	200.313397
1.006	503	200	2.029920668	200	-0.96	200.3256018
1.008	504	200	2.175568456	200	-0.96	200.3384464
1.01	505	200	2.313806334	200	-0.96	200.3518787
1.012	506	200	2.454314923	200	-0.96	200.3663008
1.014	507	200	2.59627713	200	0.04	200.3816356
1.016	508	200	2.730796256	200	-0.96	200.3973597
1.018	509	200	2.851038183	200	-0.96	200.4129857
1.02	510	200	2.968299153	200	0.04	200.4289622
1.022	511	200	3.083016715	200	1.04	200.4452552
1.024	512	200	3.170739768	200	1.04	200.4604804
1.026	513	200	3.212700085	200	1.04	200.4733496
1.028	514	200	3.211071035	200	1.04	200.4835675
1.03	515	200	3.175878676	200	0.04	200.4913115
1.032	516	200	3.123174104	200	1.04	200.4971994
1.034	517	200	3.065349894	200	0.04	200.5018071
1.036	518	200	3.003692864	200	0.04	200.5052205
1.038	519	200	2.947466455	200	0.04	200.5079711
1.04	520	200	2.903791511	200	0.04	200.5105539
1.042	521	200	2.869860654	200	0.04	200.5129791
1.044	522	200	2.843493496	200	0.04	200.5152558
1.046	523	200	2.822996644	200	-0.96	200.517393
1.048	524	200	2.815319269	200	-0.96	200.5198498
1.05	525	200	2.834049579	200	-0.96	200.5235044
1.052	526	200	2.881330353	200	-0.96	200.5287225
1.054	527	200	2.950489009	200	-0.96	200.5353927
1.056	528	200	3.036344443	200	-0.96	200.5434102
1.058	529	200	3.1348741	200	-0.96	200.552677
1.06	530	200	3.242955372	200	-0.96	200.563101
1.062	531	200	3.358164728	200	-0.96	200.5745957
1.064	532	200	3.478621689	200	-0.96	200.5870802
1.066	533	200	3.602867629	200	0.04	200.6004786
1.068	534	200	3.721507324	200	-0.96	200.6142686
1.07	535	200	3.827319204	200	0.04	200.6279639
1.072	536	200	3.923034027	200	0.04	200.6415632
1.074	537	200	4.002509943	200	0.04	200.6546141
1.076	538	200	4.061051679	200	0.04	200.6666958
1.078	539	200	4.103351496	200	1.04	200.6778685
1.08	540	200	4.124790306	200	1.04	200.6877376
1.082	541	200	4.113590464	200	1.04	200.6954857
1.084	542	200	4.069016159	200	1.04	200.7008041
1.086	543	200	3.998833408	200	1.04	200.703858
1.088	544	200	3.90907316	200	1.04	200.7048024
1.09	545	200	3.80441857	200	1.04	200.703783
1.092	546	200	3.6885058	200	1.04	200.7009362
1.094	547	200	3.56415768	200	0.04	200.6963903
1.096	548	200	3.441829519	200	0.04	200.6907166
1.098	549	200	3.337831013	200	0.04	200.6848983
1.1	550	200	3.2564169	200	0.04	200.6793998
1.102	551	200	3.19255305	200	0.04	200.674202
1.104	552	200	3.142328959	200	0.04	200.6692871
1.106	553	200	3.102706901	200	-0.96	200.6646382
1.108	554	200	3.079591391	200	-0.96	200.6606905
1.11	555	200	3.08575877	200	-0.96	200.6582996
1.112	556	200	3.122720793	200	-0.96	200.65781
1.114	557	200	3.183314342	200	-0.96	200.65909
1.116	558	200	3.261976915	200	-0.96	200.6620163
1.118	559	200	3.354389356	200	0.04	200.6664731
1.12	560	200	3.448934023	200	0.04	200.6719006
1.122	561	200	3.528398298	200	0.04	200.6773265
1.124	562	200	3.587826004	200	0.04	200.6822966
1.126	563	200	3.631706326	200	0.04	200.6868396
1.128	564	200	3.663526365	200	0.04	200.6909823
1.13	565	200	3.685994846	200	0.04	200.6947501
1.132	566	200	3.701215883	200	0.04	200.6981666
1.134	567	200	3.710823951	200	0.04	200.7012541
1.136	568	200	3.716088718	200	0.04	200.7040336
1.138	569	200	3.717996479	200	1.04	200.7065247
1.14	570	200	3.709049092	200	1.04	200.708295
1.142	571	200	3.675232178	200	1.04	200.7084913
1.144	572	200	3.614072141	200	1.04	200.7067716
1.146	573	200	3.531984793	200	1.04	200.7032694
1.148	574	200	3.433951957	200	1.04	200.6981104
1.15	575	200	3.323841543	200	0.04	200.6914122
1.152	576	200	3.212920478	200	0.04	200.6837363
1.154	577	200	3.118128753	200	0.04	200.6760567
1.156	578	200	3.044210568	200	0.04	200.6688291
1.158	579	200	2.986511874	200	1.04	200.6620262
1.16	580	200	2.933152988	200	0.04	200.6551717
1.162	581	200	2.874980097	200	0.04	200.6478218
1.164	582	200	2.821484935	200	0.04	200.6404663
1.166	583	200	2.779965008	200	-0.96	200.6335605
1.168	584	200	2.756013844	200	-0.96	200.6275282
1.17	585	200	2.762166127	200	-0.96	200.6232144
1.172	586	200	2.799745813	200	-0.96	200.6209532
1.174	587	200	2.861443829	200	-0.96	200.6206037
1.176	588	200	2.941584228	200	0.04	200.6220337
1.178	589	200	3.027495357	200	0.04	200.6246678
1.18	590	200	3.101145773	200	0.04	200.6275191
1.182	591	200	3.156943171	200	0.04	200.6301198
1.184	592	200	3.19888252	200	0.04	200.6324857
1.186	593	200	3.230066948	200	0.04	200.6346315
1.188	594	200	3.25290685	200	0.04	200.6365712
1.19	595	200	3.269274538	200	0.04	200.6383178
1.192	596	200	3.28062437	200	1.04	200.6398837
1.194	597	200	3.279821741	200	1.04	200.6408293
1.196	598	200	3.253134627	200	1.04	200.640295
1.198	599	200	3.198308738	200	1.04	200.6379326
1.2	600	200	3.121930218	200	1.04	200.63387
1.202	601	200	3.029113198	200	1.04	200.6282274
1.204	602	200	2.92382836	200	0.04	200.6211173
1.206	603	200	2.817422465	200	1.04	200.6130963
1.208	604	200	2.718633216	200	0.04	200.6046833
1.21	605	200	2.625907764	200	0.04	200.59591
1.212	606	200	2.546303131	200	0.04	200.5872574
1.214	607	200	2.485225658	200	0.04	200.5791731
1.216	608	200	2.438535596	200	0.04	200.5716222
1.218	609	200	2.403017047	200	0.04	200.564572
1.22	610	200	2.376171728	200	0.04	200.5579919
1.222	611	200	2.35605878	200	-0.96	200.5518529
1.224	612	200	2.349434656	200	-0.96	200.546579
1.226	613	200	2.369737399	200	-0.96	200.5430149
1.228	614	200	2.418992714	200	-0.96	200.5414953
1.23	615	200	2.490436675	200	0.04	200.5418791
1.232	616	200	2.570552541	200	0.04	200.5435832
1.234	617	200	2.64065245	200	0.04	200.5456131
1.236	618	200	2.694634225	200	0.04	200.5474938
1.238	619	200	2.736096804	200	0.04	200.5492345
1.24	620	200	2.767835709	200	0.04	200.5508437
1.242	621	200	2.792022415	200	0.04	200.5523294
1.244	622	200	2.810343675	200	0.04	200.5536993
1.246	623	200	2.824109734	200	0.04	200.5549603
1.248	624	200	2.834338388	200	0.04	200.5561193
1.25	625	200	2.841820271	200	1.04	200.5571823
1.252	626	200	2.838905254	200	1.04	200.5577044
1.254	627	200	2.811460904	200	1.04	200.5568206
1.256	628	200	2.756921942	200	1.04	200.5541778
1.258	629	200	2.681632981	200	1.04	200.5498992
1.26	630	200	2.590520575	200	1.04	200.5441005
1.262	631	200	2.487409739	200	0.04	200.5368902
1.264	632	200	2.383534127	200	1.04	200.5288212
1.266	633	200	2.287543624	200	0.04	200.5204084
1.268	634	200	2.197817208	200	0.04	200.5116804
1.27	635	200	2.121358995	200	0.04	200.5031149
1.272	636	200	2.063534276	200	0.04	200.4951565
1.274	637	200	2.020171463	200	0.04	200.4877676
1.276	638	200	1.988029978	200	-0.96	200.4809128
1.278	639	200	1.972856731	200	-0.96	200.4750099
1.28	640	200	1.987305624	200	-0.96	200.4708982
1.282	641	200	2.032793295	200	-0.96	200.4689068
1.284	642	200	2.102082749	200	-0.96	200.4688897
1.286	643	200	2.189554116	200	0.04	200.47071
1.288	644	200	2.282579391	200	-0.96	200.4737882
1.29	645	200	2.371425448	200	0.04	200.4775843
1.292	646	200	2.456871733	200	-0.96	200.482046
1.294	647	200	2.539524609	200	0.04	200.4871245
1.296	648	200	2.619856028	200	0.04	200.492774
1.298	649	200	2.689969263	200	0.04	200.4985005
1.3	650	200	2.74380562	200	0.04	200.5038441
1.302	651	200	2.784998027	200	0.04	200.5088282
1.304	652	200	2.816368613	200	0.04	200.5134746
1.306	653	200	2.840109714	200	0.04	200.5178038
1.308	654	200	2.857924461	200	0.04	200.5218351
1.31	655	200	2.871135992	200	1.04	200.5255867
1.312	656	200	2.872507957	200	1.04	200.5286247
1.314	657	200	2.848229474	200	1.04	200.5300945
1.316	658	200	2.795985169	200	0.04	200.529653
1.318	659	200	2.730578216	200	0.04	200.5278836
1.32	660	200	2.671695728	200	0.04	200.5257811
1.322	661	200	2.626216068	200	0.04	200.5238207
1.324	662	200	2.591143228	200	0.04	200.5219934
1.326	663	200	2.56415004	200	-0.96	200.5202911
1.328	664	200	2.551693164	200	-0.96	200.5191568
1.33	665	200	2.566978035	200	-0.96	200.5194537
1.332	666	200	2.611849914	200	0.04	200.5215333
1.334	667	200	2.671140619	200	-0.96	200.5248197
1.336	668	200	2.733143978	200	-0.96	200.5287763
1.338	669	200	2.805371204	200	-0.96	200.5338052
1.34	670	200	2.893583508	200	-0.96	200.54028
1.342	671	200	2.9939189	200	-0.96	200.5480967
1.344	672	200	3.103379393	200	-0.96	200.5571576
1.346	673	200	3.21963816	200	-0.96	200.5673711
1.348	674	200	3.340889748	200	0.04	200.5786513
1.35	675	200	3.457469416	200	0.04	200.5904667
1.352	676	200	3.553681819	200	0.04	200.6018713
1.354	677	200	3.625749671	200	0.04	200.6124358
1.356	678	200	3.679078181	200	0.04	200.6222122
1.358	679	200	3.717866282	200	0.04	200.6312493
1.36	680	200	3.745375899	200	0.04	200.6395931
1.362	681	200	3.764141121	200	0.04	200.6472865
1.364	682	200	3.776130653	200	0.04	200.6543702
1.366	683	200	3.78287402	200	0.04	200.6608821
1.368	684	200	3.785559576	200	0.04	200.666858
1.37	685	200	3.785110654	200	1.04	200.6723316
1.372	686	200	3.773980382	200	0.04	200.6768834
1.374	687	200	3.746381012	200	0.04	200.6801237
1.376	688	200	3.714419388	200	0.04	200.6825922
1.378	689	200	3.687424788	200	0.04	200.684792
1.38	690	200	3.664305058	200	0.04	200.6867403
1.382	691	200	3.644211941	200	0.04	200.6884534
1.384	692	200	3.626486608	200	-0.96	200.6899466
1.386	693	200	3.618881666	200	-0.96	200.6916851
1.388	694	200	3.635609222	200	-0.96	200.6945529
1.39	695	200	3.679296511	200	-0.96	200.6989209
1.392	696	200	3.743647084	200	-0.96	200.7046826
1.394	697	200	3.823771834	200	-0.96	200.7117382
1.396	698	200	3.915874849	200	-1.96	200.7199938
1.398	699	200	4.025273713	200	-0.96	200.7298124
1.4	700	200	4.156026584	200	-0.96	200.7415311
1.402	701	200	4.294685184	200	-0.96	200.7545603
1.404	702	200	4.430880316	200	-0.96	200.7683507
1.406	703	200	4.564898434	200	0.04	200.7828416
1.408	704	200	4.688699718	200	0.04	200.7975251
1.41	705	200	4.787851012	200	0.04	200.8114773
1.412	706	200	4.859555444	200	0.04	200.8242898
1.414	707	200	4.909979764	200	0.04	200.8360342
1.416	708	200	4.943914415	200	0.04	200.8467777
1.418	709	200	4.965080758	200	1.04	200.8565834
1.42	710	200	4.968105394	200	0.04	200.8650597
1.422	711	200	4.948888903	200	0.04	200.8718427
1.424	712	200	4.920849615	200	0.04	200.877497
1.426	713	200	4.894335558	200	0.04	200.8825485
1.428	714	200	4.869045938	200	0.04	200.887036
1.43	715	200	4.844747215	200	0.04	200.8909961
1.432	716	200	4.821258056	200	0.04	200.8944631
1.434	717	200	4.798437647	200	0.04	200.8974692
1.436	718	200	4.77617662	200	0.04	200.9000447
1.438	719	200	4.754390005	200	0.04	200.9022179
1.44	720	200	4.733011756	200	-0.96	200.9040156
1.442	721	200	4.72025482	200	-0.96	200.9059138
1.444	722	200	4.730688766	200	-0.96	200.9088064
1.446	723	200	4.767218367	200	-0.96	200.9130739
1.448	724	200	4.823762634	200	0.04	200.9186187
1.45	725	200	4.887335376	201	0.04	200.9248982
1.452	726	200	-13.38581093	201	-0.96	200.9309559
1.454	727	200	-10.36706661	201	-0.96	200.9368039
1.456	728	200	-8.002900576	201	0.04	200.9433552
1.458	729	200	-6.147340596	201	0.04	200.9505574
1.46	730	200	-4.703533175	201	-0.96	200.9574595
1.462	731	200	-3.579571718	201	0.04	200.9640782
1.464	732	200	-2.695804847	201	1.04	200.9708805
1.466	733	200	-2.01523133	201	1.04	200.9769479
1.468	734	200	-1.517226916	201	2.04	200.980975
1.47	735	200	-1.177286044	201	2.04	200.9821988
1.472	736	200	-0.9762277721	201	1.04	200.9799111
1.474	737	200	-0.8824791559	201	1.04	200.9743567
1.476	738	200	-0.8549906744	201	1.04	200.9666671
1.478	739	200	-0.8702929682	201	0.04	200.9574457
1.48	740	200	-0.910232929	201	0.04	200.9472553
1.482	741	200	-0.9525221593	201	0.04	200.9370708
1.484	742	200	-0.9882624838	201	0.04	200.9273488
1.486	743	200	-1.018881726	201	-0.96	200.9180631
1.488	744	200	-1.037225323	200	-0.96	200.9096399
1.49	745	200	17.29592544	200	-0.96	200.9029264
1.492	746	200	14.35670839	200	-1.96	200.898259
1.494	747	200	12.11173567	200	-2.96	200.8959497
1.496	748	200	10.43046061	200	-1.96	200.8971897
1.498	749	200	9.20299914	200	-3.96	200.9026341
1.5	750	200	8.335591595	200	1.04	200.9124397
1.502	751	200	7.730548766	200	-4.96	200.9253968
1.504	752	200	7.312144447	200	-1.96	200.9403776
1.506	753	200	7.071297103	200	-2.96	200.9590372
1.508	754	200	6.975867325	200	-2.96	200.9815609
1.51	755	200	6.984293519	200	-0.96	201.0072172
1.512	756	200	7.064372551	200	-0.96	201.0353232
1.514	757	200	7.166377157	201	-0.96	201.0638892
1.516	758	200	-11.05696025	201	2.04	201.0919648
1.518	759	200	-8.004554896	201	1.04	201.1182151
1.52	760	200	-5.677088576	201	2.04	201.1404964
1.522	761	200	-3.928857971	201	3.04	201.1581692
1.524	762	200	-2.646543702	201	1.04	201.1706405
1.526	763	200	-1.733716582	201	2.04	201.1778129
1.528	764	200	-1.090612772	201	4.04	201.1809514
1.53	765	200	-0.6729508134	201	4.04	201.1794319
1.532	766	200	-0.4709837032	201	6.04	201.1713234
1.534	767	200	-0.4685103718	201	5.04	201.1552834
1.536	768	200	-0.6443926397	201	4.04	201.130518
1.538	769	200	-0.9489402685	201	5.04	201.0980973
1.54	770	200	-1.335375786	201	2.04	201.0594725
1.542	771	200	-1.767522408	201	1.04	201.0159981
1.544	772	200	-2.184379597	201	-0.96	200.9707413
1.546	773	200	-2.53075353	201	-0.96	200.9270088
1.548	774	200	-2.780825487	201	-1.96	200.8869755
1.55	775	200	-2.931442966	201	-0.96	200.8517612
1.552	776	200	-2.996909271	201	-1.96	200.8215036
1.554	777	200	-2.996672741	201	-1.96	200.795877
1.556	778	200	-2.937574868	201	-2.96	200.7750264
1.558	779	200	-2.816738667	201	-2.96	200.759535
1.56	780	200	-2.632076117	201	-3.96	200.7499424
1.562	781	200	-2.38211103	201	-2.96	200.7467475
1.564	782	200	-2.074105749	201	-3.96	200.74996
1.566	783	200	-1.722035173	201	-1.96	200.7591339
1.568	784	200	-1.345013462	201	-1.96	200.7734
1.57	785	200	-0.9743366952	201	0.04	200.7910444
1.572	786	200	-0.6423509881	201	1.04	200.8100187
1.574	787	200	-0.3821450103	201	2.04	200.8279649
1.576	788	200	-0.2190472979	201	2.04	200.8426891
1.578	789	200	-0.1558320117	201	3.04	200.853053
1.58	790	200	-0.1861686547	201	2.04	200.8584507
1.582	791	200	-0.2967300335	201	2.04	200.8587722
1.584	792	200	-0.4605649478	201	2.04	200.85482
1.586	793	200	-0.6568170568	201	3.04	200.8473435
1.588	794	200	-0.8858925893	201	4.04	200.8361402
1.59	795	200	-1.164565098	201	4.04	200.820122
1.592	796	200	-1.505645242	201	3.04	200.7982789
1.594	797	200	-1.894073923	201	2.04	200.771027
1.596	798	200	-2.293367787	201	1.04	200.74011
1.598	799	200	-2.667153202	201	0.04	200.7076034
1.6	800	200	-2.987479129	201	-0.96	200.6754403
1.602	801	200	-3.232935296	201	-1.96	200.6454193
1.604	802	200	-3.387190441	201	-1.96	200.6192133
1.606	803	200	-3.446121122	201	0.04	200.5979261
1.608	804	200	-3.43980354	201	-0.96	200.5807782
1.61	805	200	-3.408052259	201	-1.96	200.5661398
1.612	806	200	-3.34851237	201	-2.96	200.5542963
1.614	807	200	-3.234635448	201	-3.96	200.5468649
1.616	808	200	-3.046095377	201	-2.96	200.5453479
1.618	809	200	-2.783926104	200	-4.96	200.5502382
1.62	810	200	15.86813304	200	-3.96	200.5615401
1.622	811	200	13.28499559	200	-2.96	200.5797045
1.624	812	200	11.40746117	200	-0.96	200.6037943
1.626	813	200	10.03550152	200	0.04	200.6311301
1.628	814	200	9.005860659	200	3.04	200.6587652
1.63	815	200	8.183917119	200	1.04	200.6835059
1.632	816	200	7.48215544	200	0.04	200.7032834
1.634	817	200	6.890820021	200	-0.96	200.7193319
1.636	818	200	6.426977152	200	0.04	200.7341553
1.638	819	200	6.07871939	200	-0.96	200.7487318
1.64	820	200	5.820122169	200	1.04	200.7630699
1.642	821	200	5.622786172	200	0.04	200.7767269
1.644	822	200	5.456463741	200	3.04	200.78884
1.646	823	200	5.289545065	200	4.04	200.7981563
1.648	824	200	5.0729068	201	4.04	200.8021582
1.65	825	200	-13.54837175	201	2.04	200.7989568
1.652	826	200	-10.92108501	201	1.04	200.7895039
1.654	827	200	-8.956148685	201	0.04	200.7764929
1.656	828	200	-7.463674258	201	-0.96	200.7624329
1.658	829	200	-6.304807358	201	-1.96	200.7492086
1.66	830	200	-5.371993494	201	-0.96	200.7385736
1.662	831	200	-4.598516915	201	2.04	200.7312566
1.664	832	200	-3.982290484	201	3.04	200.7252282
1.666	833	200	-3.554453168	201	2.04	200.7167947
1.668	834	200	-3.305542845	201	3.04	200.7043237
1.67	835	200	-3.194859767	201	1.04	200.6881021
1.672	836	200	-3.182531086	201	0.04	200.6688501
1.674	837	200	-3.212871694	201	-0.96	200.6485928
1.676	838	200	-3.234664749	201	-1.96	200.6296662
1.678	839	200	-3.216765234	201	-1.96	200.6137931
1.68	840	200	-3.143542829	201	-0.96	200.6021239
1.682	841	200	-3.027871127	201	-0.96	200.5943741
1.684	842	200	-2.896276301	200	0.04	200.5893746
1.686	843	200	15.55625956	200	0.04	200.5860358
1.688	844	200	12.68787114	200	-0.96	200.5833423
1.69	845	200	10.46793767	200	0.04	200.5812511
1.692	846	200	8.759870558	200	-1.96	200.5801725
1.694	847	200	7.457503758	200	-1.96	200.5804877
1.696	848	200	6.494830308	200	0.04	200.5834528
1.698	849	200	5.79556707	200	-3.96	200.5888825
1.7	850	200	5.300464884	200	-1.96	200.5966027
1.702	851	200	4.996562762	200	-1.96	200.608254
1.704	852	200	4.840443153	200	-0.96	200.6235573
1.706	853	200	4.773593451	200	-1.96	200.6408976
1.708	854	200	4.767319708	200	0.04	200.6596726
1.71	855	200	4.79941167	200	-1.96	200.679321
1.712	856	200	4.852694883	200	0.04	200.6993199
1.714	857	200	4.922170357	200	0.04	200.7196332
1.716	858	200	4.987428977	200	-0.96	200.7393254
1.718	859	200	5.041032859	200	0.04	200.7579772
1.72	860	200	5.093808948	200	1.04	200.7761006
1.722	861	200	5.129301264	200	-0.96	200.7928198
1.724	862	200	5.143141605	200	3.04	200.8077714
1.726	863	200	5.132011732	200	1.04	200.8206183
1.728	864	200	5.068615553	200	2.04	200.8296948
1.73	865	200	4.956839769	200	2.04	200.8348059
1.732	866	200	4.808039793	200	1.04	200.8362236
1.734	867	200	4.631033443	201	1.04	200.8342027
1.736	868	200	-13.87627588	201	2.04	200.8298847
1.738	869	200	-11.08628363	201	-0.96	200.8234314
1.74	870	200	-8.954506323	201	0.04	200.8154453
1.742	871	200	-7.300606435	201	1.04	200.8078412
1.744	872	200	-6.017865246	201	-0.96	200.8005971
1.746	873	200	-5.031656021	201	0.04	200.7932413
1.748	874	200	-4.25914765	201	0.04	200.7866878
1.75	875	200	-3.652680032	201	0.04	200.7808848
1.752	876	200	-3.183498599	201	0.04	200.7753327
1.754	877	200	-2.820930706	201	0.04	200.7700174
1.756	878	200	-2.541152414	201	-0.96	200.7649256
1.758	879	200	-2.317395045	201	0.04	200.7604956
1.76	880	200	-2.128940849	201	-0.96	200.7571353
1.762	881	200	-1.968035945	201	0.04	200.7547723
1.764	882	200	-1.828657259	200	0.04	200.7533391
1.766	883	200	16.61108147	200	-0.96	200.7523209
1.768	884	200	13.73060657	200	-0.96	200.7516897
1.77	885	200	11.51568667	200	0.04	200.752321
1.772	886	200	9.817522626	200	-1.96	200.7541268
1.774	887	200	8.520538694	200	0.04	200.7570249
1.776	888	200	7.543229121	200	-0.96	200.7613886
1.778	889	200	6.805684534	200	1.04	200.7666631
1.78	890	200	6.237648041	200	-2.96	200.7718802
1.782	891	200	5.809490964	200	-1.96	200.7774918
1.784	892	200	5.531183708	200	-1.96	200.7857222
1.786	893	200	5.385309046	200	-2.96	200.7972871
1.788	894	200	5.341664812	200	-0.96	200.8119488
1.79	895	200	5.376795669	200	-1.96	200.8294843
1.792	896	200	5.455958275	200	-0.96	200.8487823
1.794	897	200	5.560582428	200	1.04	200.8692586
1.796	898	200	5.659792652	200	0.04	200.8894669
1.798	899	200	5.721567411	200	1.04	200.90761
1.8	900	200	5.74612508	201	0.04	200.9233696
1.802	901	200	-12.58349789	201	0.04	200.9369017
1.804	902	200	-9.626301204	201	1.04	200.9488039
1.806	903	200	-7.343997088	201	2.04	200.9591823
1.808	904	200	-5.610570123	201	1.04	200.9667836
1.81	905	200	-4.319654411	201	1.04	200.9708938
1.812	906	200	-3.363692864	201	3.04	200.9722037
1.814	907	200	-2.675747281	201	2.04	200.9704554
1.816	908	200	-2.220281377	201	4.04	200.9645092
1.818	909	200	-1.961209442	201	1.04	200.9537575
1.82	910	200	-1.85382984	201	3.04	200.9385394
1.822	911	200	-1.846897417	201	1.04	200.9200754
1.824	912	200	-1.909025427	201	1.04	200.8990522
1.826	913	200	-2.007648703	201	0.04	200.8765611
1.828	914	200	-2.109360436	201	-0.96	200.8540701
1.83	915	200	-2.188437681	201	-1.96	200.8329451
1.832	916	200	-2.21686042	201	-0.96	200.8149077
1.834	917	200	-2.189690154	201	-1.96	200.8006564
1.836	918	200	-2.119767152	201	-1.96	200.7899373
1.838	919	200	-2.008799354	201	-1.96	200.7829629
1.84	920	200	-1.8581859	201	-1.96	200.7799287
1.842	921	200	-1.677349845	201	-0.96	200.7805637
1.844	922	200	-1.481872206	201	-2.96	200.7841621
1.846	923	200	-1.27551435	200	-2.96	200.7905167
1.848	924	200	17.28906939	200	-1.96	200.8007857
1.85	925	200	14.58599401	200	-1.96	200.815143
1.852	926	200	12.55551089	200	-1.96	200.832395
1.854	927	200	11.03855897	200	-1.96	200.8518802
1.856	928	200	9.919932927	200	0.04	200.8734327
1.858	929	200	9.093624357	200	0.04	200.8959948
1.86	930	200	8.460916306	200	0.04	200.9176796
1.862	931	200	7.961959682	200	-0.96	200.9376333
1.864	932	200	7.575210315	200	0.04	200.9564155
1.866	933	200	7.283861192	200	0.04	200.9745473
1.868	934	200	7.058256429	200	0.04	200.9916125
1.87	935	200	6.875436761	200	1.04	201.0072242
1.872	936	200	6.71764397	201	1.04	201.0210232
1.874	937	200	-11.76257692	201	2.04	201.0322251
1.876	938	200	-8.95602554	201	3.04	201.0401016
1.878	939	200	-6.84889291	201	2.04	201.0435258
1.88	940	200	-5.300899708	201	2.04	201.0419023
1.882	941	200	-4.178148923	201	0.04	201.0360328
1.884	942	200	-3.360187816	201	0.04	201.027568
1.886	943	200	-2.745418201	201	1.04	201.0184967
1.888	944	200	-2.280017029	201	2.04	201.0093172
1.89	945	200	-1.955310907	201	2.04	200.9986896
1.892	946	200	-1.764342348	201	3.04	200.9853676
1.894	947	200	-1.693223447	201	2.04	200.9686438
1.896	948	200	-1.722758293	201	2.04	200.9483127
1.898	949	200	-1.821438529	201	0.04	200.9250871
1.9	950	200	-1.948340669	201	-1.96	200.900534
1.902	951	200	-2.047111492	201	-1.96	200.8774657
1.904	952	200	-2.074426692	201	-1.96	200.8584985
1.906	953	200	-2.030137017	201	-0.96	200.8442613
1.908	954	200	-1.939066386	201	-0.96	200.8339838
1.91	955	200	-1.828684861	201	-0.96	200.8264958
1.912	956	200	-1.71191545	201	0.04	200.8211573
1.914	957	200	-1.598720769	201	-0.96	200.8173716
1.916	958	200	-1.496764233	201	-0.96	200.8145825
1.918	959	200	-1.395395031	201	-2.96	200.8131733
1.92	960	200	-1.269885226	201	-2.96	200.8144024
1.922	961	200	-1.092984438	201	-2.96	200.8198902
1.924	962	200	-0.8603487	201	-1.96	200.8302403
1.926	963	200	-0.5935410648	201	-0.96	200.8446589
1.928	964	200	-0.3257603992	201	0.04	200.861503
1.93	965	200	-0.09083148321	201	2.04	200.8787909
1.932	966	200	0.07700772486	201	2.04	200.8942268
1.934	967	200	0.1515351907	201	2.04	200.9056754
1.936	968	200	0.1375462055	201	2.04	200.9125044
1.938	969	200	0.05544020949	201	0.04	200.9150298
1.94	970	200	-0.06241187627	201	0.04	200.9144504
1.942	971	200	-0.1744885462	201	0.04	200.9127857
1.944	972	200	-0.2653652869	201	0.04	200.9110136
1.946	973	200	-0.3397387921	201	1.04	200.9091429
1.948	974	200	-0.409521713	201	1.04	200.9067306
1.95	975	200	-0.4921576594	201	1.04	200.9029135
1.952	976	200	-0.5927841503	201	1.04	200.8973405
1.954	977	200	-0.7070548515	201	0.04	200.8901365
1.956	978	200	-0.823331366	201	-0.96	200.8818696
1.958	979	200	-0.9161209997	201	-0.96	200.8739713
1.96	980	200	-0.9658461391	201	-2.96	200.8677736
1.962	981	200	-0.9575225376	201	-2.96	200.8645153
1.964	982	200	-0.8714683171	201	-1.96	200.8657986
1.966	983	200	-0.7174827701	201	-1.96	200.871759
1.968	984	200	-0.5280407936	201	-0.96	200.8811673
1.97	985	200	-0.3282148872	201	-0.96	200.8928772
1.972	986	200	-0.1373283942	201	-1.96	200.9058205
1.974	987	200	0.04628894163	201	-0.96	200.9199044
1.976	988	200	0.2322010008	201	-1.96	200.9354926
1.978	989	200	0.4195004096	201	-1.96	200.9524721
1.98	990	200	0.6157493955	201	-1.96	200.9711875
1.982	991	200	0.8267506354	201	-1.96	200.9919588
1.984	992	200	1.048676223	201	0.04	201.0146317
1.986	993	200	1.262027914	201	1.04	201.0381594
1.988	994	200	1.427019414	201	1.04	201.0602143
1.99	995	200	1.521384379	201	1.04	201.0790818
1.992	996	200	1.55291766	201	1.04	201.0945209
1.994	997	200	1.53601167	201	1.04	201.1067605
1.996	998	200	1.481844604	201	1.04	201.1160152
1.998	999	200	1.399097896	201	0.04	201.1224866
