#SLFR RTP Motor_Comp_w_accel_fb
#Gth num=[ 18.32547182 -17.20911971]
#Gth den=[ 1.         -0.77672958]
#Ga num=[]
#Ga den=[]
#t	n	u	v	$\theta$	a	$\hat{\theta}_d$
0	0	0	0	0	0	0
0.002	1	0	0	0	2	0
0.004	2	0	0	0	2	0
0.006	3	0	0	0	4	0
0.008	4	0	0	0	4	0
0.01	5	0	0	0	3	0
0.012	6	0	0	0	2	0
0.014	7	0	0	0	3	0
0.016	8	0	0	0	1	0
0.018	9	0	0	0	1	0
0.02	10	100	200	0	1	100
0.022	11	100	200	0	3	100
0.024	12	100	200	1	4	100
0.026	13	100	200	1	-3	100
0.028	14	100	200	3	14	100
0.03	15	100	200	4	2	100
0.032	16	100	200	6	-6	100
0.034	17	100	200	7	-15	100
0.036	18	100	200	9	-16	100
0.038	19	100	200	12	-27	100
0.04	20	100	200	14	-19	100
0.042	21	100	200	17	-22	100
0.044	22	100	196.3757819	19	-16	100
0.046	23	100	200	22	-8	100
0.048	24	100	190.7940213	25	-7	100
0.05	25	100	180.2944091	28	4	100
0.052	26	100	168.7899933	31	2	100
0.054	27	100	156.505117	34	3	100
0.056	28	100	143.6140339	37	11	100
0.058	29	100	130.252092	40	22	100
0.06	30	100	116.5244201	43	22	100
0.062	31	100	102.5126751	46	48	100
0.064	32	100	88.2802819	48	53	100
0.066	33	100	92.20197665	51	63	100
0.068	34	100	74.6898969	53	74	100
0.07	35	100	76.06416208	56	79	100
0.072	36	100	56.57341843	58	84	100
0.074	37	100	56.41079685	60	81	100
0.076	38	100	54.05177962	62	76	100
0.078	39	100	49.98675693	64	86	100
0.08	40	100	44.59662934	66	81	100
0.082	41	100	38.17725359	67	73	100
0.084	42	100	49.28390217	69	84	100
0.086	43	100	38.46894068	70	79	100
0.088	44	100	46.16140781	71	77	100
0.09	45	100	51.02002243	72	67	100
0.092	46	100	53.67749999	73	56	100
0.094	47	100	54.62528929	74	56	100
0.096	48	100	54.24511316	75	39	100
0.098	49	100	52.833467	76	32	100
0.1	50	100	50.62064755	76	28	100
0.102	51	100	66.11100495	77	28	100
0.104	52	100	59.81735187	77	27	100
0.106	53	100	72.13800508	78	22	100
0.108	54	100	63.38234901	78	28	100
0.11	55	100	73.79069168	78	21	100
0.112	56	100	81.87515928	79	22	100
0.114	57	100	69.82913255	79	13	100
0.116	58	100	77.68174702	79	19	100
0.118	59	100	83.78110493	80	18	100
0.12	60	100	70.19318479	80	23	100
0.122	61	100	76.84816504	80	31	100
0.124	62	100	82.01728504	81	38	100
0.126	63	100	67.7068216	81	43	100
0.128	64	100	73.80058109	81	48	100
0.13	65	100	78.53378433	82	44	100
0.132	66	100	63.88473145	82	41	100
0.134	67	100	69.71549852	83	38	100
0.136	68	100	55.91895593	83	33	100
0.138	69	100	62.41189295	84	37	100
0.14	70	100	49.12967735	85	30	100
0.142	71	100	37.69663554	85	35	100
0.144	72	100	46.02537351	86	28	100
0.146	73	100	34.16907881	86	29	100
0.148	74	100	42.16906376	87	16	100
0.15	75	100	30.05741685	87	14	100
0.152	76	100	37.85906219	88	-1	100
0.154	77	100	25.59335904	88	-6	100
0.156	78	100	33.27534433	89	-9	100
0.158	79	100	20.9166977	89	-12	100
0.16	80	100	28.52649103	90	-11	100
0.162	81	100	16.11177076	90	-14	100
0.164	82	100	23.67801005	91	-7	100
0.166	83	100	11.22946007	91	-14	100
0.168	84	100	18.76942282	92	-13	100
0.17	85	100	6.300463068	92	-18	100
0.172	86	100	13.82457295	92	-13	100
0.174	87	100	19.66877163	93	-13	100
0.176	88	100	5.882661771	94	-7	100
0.178	89	100	-5.941769618	94	-6	100
0.18	90	100	2.082964502	94	6	100
0.182	91	100	8.316012838	95	-2	100
0.184	92	100	-5.168065991	95	-8	100
0.186	93	100	1.567570876	96	9	100
0.188	94	100	-11.52613258	96	-1	100
0.19	95	100	-4.487279608	96	1	100
0.192	96	100	0.9800056785	97	4	100
0.194	97	100	-13.09886396	97	-14	100
0.196	98	100	-6.825218707	98	-3	100
0.198	99	100	-20.27776471	98	-10	100
0.2	100	100	-13.51763536	99	-19	100
0.202	101	100	-26.59231478	99	-21	100
0.204	102	100	-19.53868528	100	-29	100
0.206	103	100	-32.38539446	100	-35	100
0.208	104	100	-25.15469372	100	-31	100
0.21	105	100	-19.5383946	101	-43	100
0.212	106	100	-33.50152079	101	-46	100
0.214	107	100	-27.13797418	102	-48	100
0.216	108	100	-40.52069113	102	-48	100
0.218	109	100	-33.7063235	102	-48	100
0.22	110	100	-28.41340262	102	-49	100
0.222	111	100	-24.30223442	103	-53	100
0.224	112	100	-39.43444031	103	-51	100
0.226	113	100	-33.97895247	103	-46	100
0.228	114	100	-29.74151372	104	-46	100
0.23	115	100	-44.77564153	104	-42	100
0.232	116	100	-39.24397356	104	-45	100
0.234	117	100	-34.94736343	105	-43	100
0.236	118	100	-49.9355311	105	-36	100
0.238	119	100	-44.36816451	105	-35	100
0.24	120	100	-40.04382622	106	-35	100
0.242	121	100	-55.01045659	106	-33	100
0.244	122	100	-49.42636136	106	-36	100
0.246	123	100	-45.08902943	107	-33	100
0.248	124	100	-60.04556727	107	-33	100
0.25	125	100	-54.45363286	107	-41	100
0.252	126	100	-50.11021201	107	-41	100
0.254	127	100	-46.73654858	108	-40	100
0.256	128	100	-62.44159623	108	-44	100
0.258	129	100	-57.43105154	108	-43	100
0.26	130	100	-53.53921328	108	-47	100
0.262	131	100	-50.5163074	109	-54	100
0.264	132	100	-66.49379882	109	-56	100
0.266	133	100	-61.69486926	109	-57	100
0.268	134	100	-57.96739873	109	-62	100
0.27	135	100	-55.07216212	109	-61	100
0.272	136	100	-52.82334622	109	-67	100
0.274	137	100	-51.0766244	109	-64	100
0.276	138	100	-49.7198939	109	-60	100
0.278	139	100	-48.66608119	110	-60	100
0.28	140	100	-66.17302551	110	-61	100
0.282	141	100	-62.56206726	110	-61	100
0.284	142	100	-59.75732918	110	-61	100
0.286	143	100	-57.57880616	110	-57	100
0.288	144	100	-55.8866829	110	-55	100
0.29	145	100	-54.57236072	110	-53	100
0.292	146	100	-53.55148781	110	-50	100
0.294	147	100	-52.75854562	110	-44	100
0.296	148	100	-52.14264397	110	-41	100
0.298	149	100	-51.66425494	110	-38	100
0.3	150	100	-51.29267604	110	-39	100
0.302	151	100	-51.00405971	110	-37	100
0.304	152	100	-50.77988287	110	-36	100
0.306	153	100	-50.6057581	110	-34	100
0.308	154	100	-50.47051023	110	-34	100
0.31	155	100	-50.36545921	110	-34	100
0.312	156	100	-50.28386298	110	-36	100
0.314	157	100	-50.22048477	110	-35	100
0.316	158	100	-50.17125704	110	-34	100
0.318	159	100	-50.13302041	110	-37	100
0.32	160	100	-50.10332089	110	-39	100
0.322	161	100	-50.08025239	110	-41	100
0.324	162	100	-50.0623344	110	-40	100
0.326	163	100	-50.04841698	110	-40	100
0.328	164	100	-50.0376069	110	-42	100
0.33	165	100	-50.02921039	109	-43	100
0.332	166	100	-31.69721675	109	-42	100
0.334	167	100	-34.6673348	109	-41	100
0.336	168	100	-36.97431333	109	-38	100
0.338	169	100	-38.76621179	109	-36	100
0.34	170	100	-40.15803233	109	-32	100
0.342	171	100	-41.2391005	109	-30	100
0.344	172	100	-42.07879812	109	-26	100
0.346	173	100	-42.7310161	109	-23	100
0.348	174	100	-43.2376131	109	-21	100
0.35	175	100	-43.63110197	109	-17	100
0.352	176	100	-43.93673641	109	-13	100
0.354	177	100	-44.17413172	109	-8	100
0.356	178	100	-44.35852368	109	-3	100
0.358	179	100	-44.50174637	109	0	100
0.36	180	100	-44.61299167	109	3	100
0.362	181	100	-44.69939918	109	5	100
0.364	182	100	-44.76651446	109	4	100
0.366	183	100	-44.81864487	109	4	100
0.368	184	100	-44.85913611	109	3	100
0.37	185	100	-44.89058685	108	3	100
0.372	186	100	-26.58954374	108	4	100
0.374	187	100	-29.58370199	108	6	100
0.376	188	100	-31.90935326	107	6	100
0.378	189	100	-15.39028356	107	3	100
0.38	190	100	-19.76855325	107	3	100
0.382	191	100	-23.16928482	106	3	100
0.384	192	100	-7.485261779	106	-4	100
0.386	193	100	-12.51213691	105	-1	100
0.388	194	100	1.908812314	105	-3	100
0.39	195	100	-4.099129605	104	-4	100
0.392	196	100	9.559796037	104	10	100
0.394	197	100	2.95996786	104	15	100
0.396	198	100	-2.166313886	103	6	100
0.398	199	100	12.17742329	103	8	100
0.4	200	100	6.109508484	103	7	100
0.402	201	100	1.396379587	102	4	100
0.404	202	100	16.0610248	102	16	100
0.406	203	100	10.24236876	102	8	100
0.408	204	100	5.722846514	102	16	100
0.41	205	100	2.212399916	101	26	100
0.412	206	100	17.81120404	101	32	100
0.414	207	100	12.71813686	101	36	100
0.416	208	100	8.762200938	100	35	100
0.418	209	100	24.01498033	100	24	100
0.42	210	100	18.6531455	100	35	100
0.422	211	100	14.48844981	99	33	100
0.424	212	100	29.57907931	99	34	100
0.426	213	100	24.09129787	99	35	100
0.428	214	100	19.82877571	99	37	100
0.43	215	100	16.51794868	98	42	100
0.432	216	100	32.27180322	98	48	100
0.434	217	100	27.29916829	98	42	100
0.436	218	100	23.43677566	97	35	100
0.438	219	100	38.76221289	97	31	100
0.44	220	100	33.45681356	97	32	100
0.442	221	100	29.33595298	97	32	100
0.444	222	100	26.13515869	96	31	100
0.446	223	100	41.97447892	96	29	100
0.448	224	100	37.06822771	96	34	100
0.45	225	100	33.25739728	96	39	100
0.452	226	100	30.29741258	95	39	100
0.454	227	100	46.32377673	95	37	100
0.456	228	100	41.56280807	95	34	100
0.458	229	100	37.8648229	95	39	100
0.46	230	100	34.99248845	95	41	100
0.462	231	100	32.76146132	94	40	100
0.464	232	100	49.35402839	94	42	100
0.466	233	100	45.03284628	94	44	100
0.468	234	100	41.67645632	94	49	100
0.47	235	100	39.06944898	93	55	100
0.472	236	100	55.36998109	93	55	100
0.474	237	100	50.82196679	93	56	100
0.476	238	100	47.28938956	93	53	100
0.478	239	100	44.54553235	93	54	100
0.48	240	100	42.4142973	93	54	100
0.482	241	100	40.758904	93	52	100
0.484	242	100	39.47311107	92	49	100
0.486	243	100	56.79986949	92	49	100
0.488	244	100	53.04895552	92	51	100
0.49	245	100	50.13550969	92	54	100
0.492	246	100	47.87255015	92	52	100
0.494	247	100	46.11484255	92	51	100
0.496	248	100	44.74957906	92	48	100
0.498	249	100	43.68913853	92	43	100
0.5	250	100	42.86546301	92	39	100
0.502	251	100	42.22568987	92	35	100
0.504	252	100	41.72875915	92	34	100
0.506	253	100	41.34277836	92	37	100
0.508	254	100	41.04297567	92	40	100
0.51	255	100	40.81011005	92	43	100
0.512	256	100	40.62923644	92	43	100
0.514	257	100	40.48874655	92	41	100
0.516	258	100	40.3796239	92	40	100
0.518	259	100	40.29486511	92	40	100
0.52	260	100	40.22903045	92	37	100
0.522	261	100	40.17789473	92	37	100
0.524	262	100	40.1381761	92	39	100
0.526	263	100	40.10732546	92	42	100
0.528	264	100	40.08336286	92	47	100
0.53	265	100	40.0647504	92	47	100
0.532	266	100	40.05029355	92	46	100
0.534	267	100	40.03906449	92	44	100
0.536	268	100	40.03034254	92	41	100
0.538	269	100	40.02356795	92	37	100
0.54	270	100	40.01830592	92	35	100
0.542	271	100	40.01421875	92	31	100
0.544	272	100	40.01104413	92	32	100
0.546	273	100	40.0085783	92	33	100
0.548	274	100	40.00666302	92	31	100
0.55	275	100	40.00517536	92	28	100
0.552	276	100	40.00401986	92	23	100
0.554	277	100	40.00312234	92	20	100
0.556	278	100	40.00242522	92	16	100
0.558	279	100	40.00188374	92	13	100
0.56	280	100	40.00146315	92	10	100
0.562	281	100	40.00113648	92	10	100
0.564	282	100	40.00088273	92	9	100
0.566	283	100	40.00068565	93	11	100
0.568	284	100	21.67506074	93	12	100
0.57	285	100	24.65012557	93	9	100
0.572	286	100	26.96094641	93	9	100
0.574	287	100	28.75582931	93	8	100
0.576	288	100	30.14996795	93	6	100
0.578	289	100	31.23283666	93	7	100
0.58	290	100	32.07393281	93	5	100
0.582	291	100	32.72723707	93	8	100
0.584	292	100	33.23467781	93	9	100
0.586	293	100	33.62882204	93	10	100
0.588	294	100	33.93496553	94	9	100
0.59	295	100	15.8472844	94	10	100
0.592	296	100	19.0071672	94	6	100
0.594	297	100	21.46154164	94	3	100
0.596	298	100	23.36792685	95	-1	100
0.598	299	100	6.523200807	96	-6	100
0.6	300	100	-7.676948238	96	-5	100
0.602	301	100	-1.497504287	96	-6	100
0.604	302	100	3.302252598	97	-7	100
0.606	303	100	-11.29510609	97	-18	100
0.608	304	100	-5.424186623	97	-12	100
0.61	305	100	-0.8640698279	97	-13	100
0.612	306	100	2.67790776	98	-9	100
0.614	307	100	-12.89640531	98	-10	100
0.616	308	100	-7.784315204	98	-20	100
0.618	309	100	-3.813603619	98	-16	100
0.62	310	100	-0.7294344898	99	-11	100
0.622	311	100	-16.65934093	99	-18	100
0.624	312	100	-11.82345071	99	-18	100
0.626	313	100	-8.067271748	99	-20	100
0.628	314	100	-5.149736452	100	-17	100
0.63	315	100	-21.20907232	100	-12	100
0.632	316	100	-16.47371376	100	-17	100
0.634	317	100	-12.79562072	100	-19	100
0.636	318	100	-9.938737062	101	-19	100
0.638	319	100	-26.04518285	101	-19	100
0.64	320	100	-21.34641597	101	-20	100
0.642	321	100	-17.69674475	101	-21	100
0.644	322	100	-14.86193718	102	-25	100
0.646	323	100	-30.98553011	102	-25	100
0.648	324	100	-26.30008192	102	-24	100
0.65	325	100	-22.66075573	103	-26	100
0.652	326	100	-38.15945526	103	-28	100
0.654	327	100	-32.98863388	103	-32	100
0.656	328	100	-28.97230398	103	-33	100
0.658	329	100	-25.85270175	103	-30	100
0.66	330	100	-23.42961444	104	-35	100
0.662	331	100	-39.87300268	104	-34	100
0.664	332	100	-35.43594895	104	-36	100
0.666	333	100	-31.9895581	104	-36	100
0.668	334	100	-29.31264438	105	-34	100
0.67	335	100	-45.55887815	105	-35	100
0.672	336	100	-40.96868872	105	-38	100
0.674	337	100	-37.40335283	105	-36	100
0.676	338	100	-34.63405099	105	-35	100
0.678	339	100	-32.48305235	105	-35	100
0.68	340	100	-30.81230808	106	-33	100
0.682	341	100	-47.84006342	106	-33	100
0.684	342	100	-43.85690491	106	-34	100
0.686	343	100	-40.76306788	106	-32	100
0.688	344	100	-38.35999316	106	-31	100
0.69	345	100	-36.49345395	106	-33	100
0.692	346	100	-35.04365773	106	-32	100
0.694	347	100	-33.91755814	107	-34	100
0.696	348	100	-51.3683551	107	-31	100
0.698	349	100	-47.71378552	107	-31	100
0.7	350	100	-44.87517325	107	-33	100
0.702	351	100	-42.67033913	107	-35	100
0.704	352	100	-40.95777927	107	-37	100
0.706	353	100	-39.62758337	107	-35	100
0.708	354	100	-38.59438087	107	-35	100
0.71	355	100	-37.79186193	107	-35	100
0.712	356	100	-37.16852174	107	-35	100
0.714	357	100	-36.68435497	107	-35	100
0.716	358	100	-36.30828832	107	-36	100
0.718	359	100	-36.01618623	107	-37	100
0.72	360	100	-35.7893019	107	-39	100
0.722	361	100	-35.61307413	107	-38	100
0.724	362	100	-35.47619281	107	-37	100
0.726	363	100	-35.36987304	107	-34	100
0.728	364	100	-35.28729133	107	-33	100
0.73	365	100	-35.22314767	107	-32	100
0.732	366	100	-35.1733254	107	-32	100
0.734	367	100	-35.13462696	107	-30	100
0.736	368	100	-35.10456874	107	-30	100
0.738	369	100	-35.08122164	107	-29	100
0.74	370	100	-35.06308725	107	-28	100
0.742	371	100	-35.04900173	107	-27	100
0.744	372	100	-35.03806109	107	-24	100
0.746	373	100	-35.02956318	107	-21	100
0.748	374	100	-35.02296259	107	-20	100
0.75	375	100	-35.01783573	107	-21	100
0.752	376	100	-35.01385354	107	-21	100
0.754	377	100	-35.01076045	107	-21	100
0.756	378	100	-35.00835796	107	-19	100
0.758	379	100	-35.00649188	107	-20	100
0.76	380	100	-35.00504243	107	-18	100
0.762	381	100	-35.00391661	107	-17	100
0.764	382	100	-35.00304214	107	-16	100
0.766	383	100	-35.00236292	107	-16	100
0.768	384	100	-35.00183535	107	-17	100
0.77	385	100	-35.00142557	107	-16	100
0.772	386	100	-35.00110728	107	-17	100
0.774	387	100	-35.00086006	107	-16	100
0.776	388	100	-35.00066803	106	-14	100
0.778	389	100	-16.67504706	106	-13	100
0.78	390	100	-19.65011494	106	-11	100
0.782	391	100	-21.96093816	106	-10	100
0.784	392	100	-23.7558229	106	-8	100
0.786	393	100	-25.14996297	106	-5	100
0.788	394	100	-26.23283279	106	-7	100
0.79	395	100	-27.07392981	106	-6	100
0.792	396	100	-27.72723474	106	-4	100
0.794	397	100	-28.234676	106	-1	100
0.796	398	100	-28.62882064	106	1	100
0.798	399	100	-28.93496443	105	3	100
0.8	400	100	-10.84728355	105	1	100
0.802	401	100	-14.00716655	105	5	100
0.804	402	100	-16.46154113	105	8	100
0.806	403	100	-18.36792645	105	7	100
0.808	404	100	-19.84867232	104	11	100
0.81	405	100	-2.67333961	104	9	100
0.812	406	100	-6.541870411	103	12	100
0.814	407	100	8.778799122	103	10	100
0.816	408	100	3.469696574	103	9	100
0.818	409	100	-0.6540404006	103	9	100
0.82	410	100	-3.857068875	102	26	100
0.822	411	100	11.980516	102	11	100
0.824	412	100	7.072916885	102	12	100
0.826	413	100	3.261039504	102	11	100
0.828	414	100	0.3002415988	102	7	100
0.83	415	100	-1.999497704	101	12	100
0.832	416	100	14.53969859	101	8	100
0.834	417	100	10.17706181	101	3	100
0.836	418	100	6.788472793	101	12	100
0.838	419	100	4.156455481	101	15	100
0.84	420	100	2.112089789	100	17	100
0.842	421	100	18.84964231	100	23	100
0.844	422	100	14.64107469	100	15	100
0.846	423	100	11.37215575	100	18	100
0.848	424	100	8.833089719	99	22	100
0.85	425	100	25.18639386	99	20	100
0.852	426	100	20.67936916	99	21	100
0.854	427	100	17.17862977	99	24	100
0.856	428	100	14.45950194	99	25	100
0.858	429	100	12.34747494	98	38	100
0.86	430	100	29.03247292	98	36	100
0.862	431	100	24.78308463	98	35	100
0.864	432	100	21.48245907	98	34	100
0.866	433	100	18.91876557	98	33	100
0.868	434	100	16.92746901	97	33	100
0.87	435	100	33.70624189	97	35	100
0.872	436	100	29.52969134	97	27	100
0.874	437	100	26.28564101	97	30	100
0.876	438	100	23.76589116	97	34	100
0.878	439	100	21.80872693	97	39	100
0.88	440	100	20.28853958	97	38	100
0.882	441	100	19.10776511	96	30	100
0.884	442	100	36.51609448	96	27	100
0.886	443	100	32.82853907	96	29	100
0.888	444	100	29.96430572	96	25	100
0.89	445	100	27.73957096	96	25	100
0.892	446	100	26.01155368	96	27	100
0.894	447	100	24.66935154	95	28	100
0.896	448	100	41.95229527	95	35	100
0.898	449	100	38.16734913	95	35	100
0.9	450	100	35.22746951	95	35	100
0.902	451	100	32.94397806	95	32	100
0.904	452	100	31.17032272	95	32	100
0.906	453	100	29.79267215	95	31	100
0.908	454	100	28.72261021	95	34	100
0.91	455	100	27.89146145	94	31	100
0.912	456	100	45.57135546	94	36	100
0.914	457	100	42.09473233	94	41	100
0.916	458	100	39.39433632	94	43	100
0.918	459	100	37.29685887	94	42	100
0.92	460	100	35.6676861	94	40	100
0.922	461	100	34.40225943	94	37	100
0.924	462	100	33.4193651	94	37	100
0.926	463	100	32.65592201	94	34	100
0.928	464	100	32.06293318	94	33	100
0.93	465	100	31.60234121	94	32	100
0.932	466	100	31.24458581	94	31	100
0.934	467	100	30.96670661	94	34	100
0.936	468	100	30.75086962	94	35	100
0.938	469	100	30.58322264	94	31	100
0.94	470	100	30.45300627	94	28	100
0.942	471	100	30.35186337	94	28	100
0.944	472	100	30.27330269	94	26	100
0.946	473	100	30.21228228	94	25	100
0.948	474	100	30.16488593	94	21	100
0.95	475	100	30.12807178	94	23	100
0.952	476	100	30.09947714	94	24	100
0.954	477	100	30.07726683	94	27	100
0.956	478	100	30.06001543	94	26	100
0.958	479	100	30.04661576	94	27	100
0.96	480	100	30.03620784	94	26	100
0.962	481	100	30.0281237	94	25	100
0.964	482	100	30.02184451	94	26	100
0.966	483	100	30.01696728	94	23	100
0.968	484	100	30.01317899	94	22	100
0.97	485	100	30.01023651	94	22	100
0.972	486	100	30.007951	94	24	100
0.974	487	100	30.00617578	94	25	100
0.976	488	100	30.00479691	94	25	100
0.978	489	100	30.0037259	94	24	100
0.98	490	100	30.00289402	94	23	100
0.982	491	100	30.00224787	94	21	100
0.984	492	100	30.00174599	94	15	100
0.986	493	100	30.00135616	94	12	100
0.988	494	100	30.00105337	94	10	100
0.99	495	100	30.00081818	94	9	100
0.992	496	100	30.00063551	94	11	100
0.994	497	100	30.00049362	94	11	100
0.996	498	100	30.00038341	94	9	100
0.998	499	100	30.0002978	94	7	100
1	500	100	30.00023131	94	4	100
1.002	501	100	30.00017967	94	1	100
1.004	502	100	30.00013955	95	-3	100
1.006	503	100	11.67463657	95	-3	100
1.008	504	100	14.64979611	95	-3	100
1.01	505	100	16.96069051	95	0	100
1.012	506	100	18.75563054	95	1	100
1.014	507	100	20.14981356	95	3	100
1.016	508	100	21.23271674	96	3	100
1.018	509	100	3.748367842	96	2	100
1.02	510	100	7.376876635	96	-1	100
1.022	511	100	10.19524673	96	-3	100
1.024	512	100	12.38435815	97	0	100
1.026	513	100	-4.240766096	97	-3	100
1.028	514	100	0.05512789661	97	1	100
1.03	515	100	3.391875819	98	5	100
1.032	516	100	-12.3418452	98	-13	100
1.034	517	100	-7.353571966	98	3	100
1.036	518	100	-3.479032606	98	-1	100
1.038	519	100	-0.4695632885	98	-1	100
1.04	520	100	1.86798054	99	-4	100
1.042	521	100	-14.64185186	99	-10	100
1.044	522	100	-10.25640728	99	-9	100
1.046	523	100	-6.850102764	99	-1	100
1.048	524	100	-4.204325302	99	-12	100
1.05	525	100	-2.149271695	99	-13	100
1.052	526	100	-0.5530507765	100	-14	100
1.054	527	100	-17.6386906	100	-17	100
1.056	528	100	-13.70049268	100	-14	100
1.058	529	100	-10.64157788	100	-14	100
1.06	530	100	-8.265628282	100	-23	100
1.062	531	100	-6.420157956	100	-19	100
1.064	532	100	-4.986726571	101	-20	100
1.066	533	100	-22.19880984	101	-19	100
1.068	534	100	-18.35882429	101	-18	100
1.07	535	100	-15.37619393	101	-28	100
1.072	536	100	-13.05949672	101	-25	100
1.074	537	100	-11.26004947	101	-22	100
1.076	538	100	-9.862365578	102	-21	100
1.078	539	100	-27.10221498	102	-21	100
1.08	540	100	-23.2837962	102	-21	100
1.082	541	100	-20.3179174	102	-21	100
1.084	542	100	-18.01423161	102	-17	100
1.086	543	100	-16.22489073	102	-19	100
1.088	544	100	-14.83505674	103	-22	100
1.09	545	100	-32.0810034	103	-22	100
1.092	546	100	-28.26732054	103	-22	100
1.094	547	100	-25.30512026	103	-18	100
1.096	548	100	-23.0042917	103	-17	100
1.098	549	100	-21.2171701	104	-22	100
1.1	550	100	-38.15453173	104	-20	100
1.102	551	100	-34.10116174	104	-20	100
1.104	552	100	-30.95278939	104	-22	100
1.106	553	100	-28.50735546	104	-23	100
1.108	554	100	-26.60791461	104	-27	100
1.11	555	100	-25.13256272	104	-29	100
1.112	556	100	-23.98661326	104	-24	100
1.114	557	100	-23.09652043	105	-24	100
1.116	558	100	-40.73063083	105	-23	100
1.118	559	100	-37.21844622	105	-25	100
1.12	560	100	-34.49042856	105	-30	100
1.122	561	100	-32.37149656	105	-27	100
1.124	562	100	-30.7256594	105	-29	100
1.126	563	100	-29.447289	105	-30	100
1.128	564	100	-28.4543409	105	-30	100
1.13	565	100	-27.68308875	105	-27	100
1.132	566	100	-27.08403439	105	-24	100
1.134	567	100	-26.61873115	105	-20	100
1.136	568	100	-26.25731636	105	-24	100
1.138	569	100	-25.9765948	105	-24	100
1.14	570	100	-25.75855007	105	-25	100
1.142	571	100	-25.58918827	105	-24	100
1.144	572	100	-25.45763996	105	-23	100
1.146	573	100	-25.35546249	105	-23	100
1.148	574	100	-25.27609823	105	-22	100
1.15	575	100	-25.21445366	105	-19	100
1.152	576	100	-25.1665725	105	-17	100
1.154	577	100	-25.12938179	105	-19	100
1.156	578	100	-25.10049466	105	-20	100
1.158	579	100	-25.07805718	105	-21	100
1.16	580	100	-25.06062932	105	-20	100
1.162	581	100	-25.04709258	105	-20	100
1.164	582	100	-25.0365782	105	-20	100
1.166	583	100	-25.02841137	105	-20	100
1.168	584	100	-25.02206795	105	-19	100
1.17	585	100	-25.01714083	105	-18	100
1.172	586	100	-25.01331379	105	-17	100
1.174	587	100	-25.01034122	105	-18	100
1.176	588	100	-25.00803233	105	-19	100
1.178	589	100	-25.00623895	105	-19	100
1.18	590	100	-25.00484597	105	-18	100
1.182	591	100	-25.00376401	105	-16	100
1.184	592	100	-25.00292362	105	-16	100
1.186	593	100	-25.00227086	105	-17	100
1.188	594	100	-25.00176385	105	-14	100
1.19	595	100	-25.00137003	105	-12	100
1.192	596	100	-25.00106414	105	-10	100
1.194	597	100	-25.00082655	105	-9	100
1.196	598	100	-25.00064201	105	-9	100
1.198	599	100	-25.00049867	105	-7	100
1.2	600	100	-25.00038733	105	-6	100
1.202	601	100	-25.00030085	105	-6	100
1.204	602	100	-25.00023368	105	-5	100
1.206	603	100	-25.00018151	104	-4	100
1.208	604	100	-6.674669156	104	-3	100
1.21	605	100	-9.649821416	104	0	100
1.212	606	100	-11.96071017	104	1	100
1.214	607	100	-13.75564581	104	0	100
1.216	608	100	-15.14982542	104	2	100
1.218	609	100	-16.23272595	104	1	100
1.22	610	100	-17.07384682	104	-1	100
1.222	611	100	-17.72717028	104	-2	100
1.224	612	100	-18.23462593	104	-3	100
1.226	613	100	-18.62878175	104	-1	100
1.228	614	100	-18.93493423	104	2	100
1.23	615	100	-19.17273191	103	3	100
1.232	616	100	-1.031964586	103	4	100
1.234	617	100	-4.150613767	103	5	100
1.236	618	100	-6.572960825	102	4	100
1.238	619	100	9.871002395	102	5	100
1.24	620	100	5.434395276	102	3	100
1.242	621	100	1.988351308	102	14	100
1.244	622	100	-0.6882929645	102	13	100
1.246	623	100	-2.767321737	101	9	100
1.248	624	100	13.94330695	101	12	100
1.25	625	100	9.713826786	101	10	100
1.252	626	100	6.428664449	101	7	100
1.254	627	100	3.876981699	101	13	100
1.256	628	100	1.895014236	101	6	100
1.258	629	100	0.3555614884	101	11	100
1.26	630	100	-0.8401769927	101	14	100
1.262	631	100	-1.768942437	100	16	100
1.264	632	100	15.8351298	100	17	100
1.266	633	100	12.29961366	100	18	100
1.268	634	100	9.553473713	100	12	100
1.27	635	100	7.420465592	100	17	100
1.272	636	100	5.763695097	100	17	100
1.274	637	100	4.476832452	100	13	100
1.276	638	100	3.477288175	99	17	100
1.278	639	100	21.0263844	99	17	100
1.28	640	100	17.44816677	99	24	100
1.282	641	100	14.6688593	99	26	100
1.284	642	100	12.51008899	99	24	100
1.286	643	100	10.83330824	99	22	100
1.288	644	100	9.530903041	98	24	100
1.29	645	100	26.84475823	98	20	100
1.292	646	100	23.08382192	98	20	100
1.294	647	100	20.16259146	98	18	100
1.296	648	100	17.89358536	98	21	100
1.298	649	100	16.13118122	98	26	100
1.3	650	100	14.76226979	98	27	100
1.302	651	100	13.6989958	98	27	100
1.304	652	100	12.87311944	98	24	100
1.306	653	100	12.23163685	97	21	100
1.308	654	100	30.05885017	97	20	100
1.31	655	100	26.69665431	97	21	100
1.312	656	100	24.08513735	97	19	100
1.314	657	100	22.05669489	97	21	100
1.316	658	100	20.48114363	97	27	100
1.318	659	100	19.25736637	97	28	100
1.32	660	100	18.30682238	97	29	100
1.322	661	100	17.56850675	97	25	100
1.324	662	100	16.99503516	96	23	100
1.326	663	100	34.87507464	96	23	100
1.328	664	100	31.55391043	96	23	100
1.33	665	100	28.97426395	96	23	100
1.332	666	100	26.97057624	96	24	100
1.334	667	100	25.41425273	96	29	100
1.336	668	100	24.20541023	96	30	100
1.338	669	100	23.26646651	96	32	100
1.34	670	100	22.53716115	96	28	100
1.342	671	100	21.9706881	96	25	100
1.344	672	100	21.53069174	96	23	100
1.346	673	100	21.18893354	96	25	100
1.348	674	100	20.92347985	96	23	100
1.35	675	100	20.71729411	96	24	100
1.352	676	100	20.55714355	96	24	100
1.354	677	100	20.43274988	96	28	100
1.356	678	100	20.33612963	96	28	100
1.358	679	100	20.26108182	96	26	100
1.36	680	100	20.20278997	96	24	100
1.362	681	100	20.15751297	96	22	100
1.364	682	100	20.12234498	96	21	100
1.366	683	100	20.09502897	96	21	100
1.368	684	100	20.07381181	96	21	100
1.37	685	100	20.05733182	96	19	100
1.372	686	100	20.04453132	95	21	100
1.374	687	100	38.36006062	95	24	100
1.376	688	100	35.37715422	95	23	100
1.378	689	100	33.06024261	95	21	100
1.38	690	100	31.26062883	95	19	100
1.382	691	100	29.86281558	95	19	100
1.384	692	100	28.77709269	95	17	100
1.386	693	100	27.9337796	95	16	100
1.388	694	100	27.27875339	95	14	100
1.39	695	100	26.76997515	95	15	100
1.392	696	100	26.37479205	95	17	100
1.394	697	100	26.06784165	95	18	100
1.396	698	100	25.82942419	95	19	100
1.398	699	100	25.6442383	95	16	100
1.4	700	100	25.50039894	95	16	100
1.402	701	100	25.38867466	95	14	100
1.404	702	100	25.3018951	95	13	100
1.406	703	100	25.23449086	95	10	100
1.408	704	100	25.18213598	95	8	100
1.41	705	100	25.14147041	95	11	100
1.412	706	100	25.10988425	95	12	100
1.414	707	100	25.08535035	95	14	100
1.416	708	100	25.06629414	95	13	100
1.418	709	100	25.05149262	95	11	100
1.42	710	100	25.03999584	96	8	100
1.422	711	100	6.705594127	96	4	100
1.424	712	100	9.673841755	96	2	100
1.426	713	100	11.97936748	96	1	100
1.428	714	100	13.7701375	96	2	100
1.43	715	100	15.16108154	96	3	100
1.432	716	100	16.24146891	96	6	100
1.434	717	100	17.08063774	96	6	100
1.436	718	100	17.73244499	96	5	100
1.438	719	100	18.23872295	96	2	100
1.44	720	100	18.63196403	97	1	100
1.442	721	100	0.6119341729	97	-3	100
1.444	722	100	3.824363722	97	-3	100
1.446	723	100	6.319552766	97	-2	100
1.448	724	100	8.257639895	97	-1	100
1.45	725	100	9.763009491	98	2	100
1.452	726	100	-7.393197245	98	1	100
1.454	727	100	-3.509810732	98	0	100
1.456	728	100	-0.4934695697	98	-1	100
1.458	729	100	1.849411824	98	-15	100
1.46	730	100	3.669197097	98	-7	100
1.462	731	100	5.082678142	99	-3	100
1.464	732	100	-12.14490115	99	-5	100
1.466	733	100	-8.31695181	99	-1	100
1.468	734	100	-5.343670341	99	1	100
1.47	735	100	-3.034234684	99	0	100
1.472	736	100	-1.240427705	99	-3	100
1.474	737	100	0.1528752312	99	-7	100
1.476	738	100	1.235094831	99	-14	100
1.478	739	100	2.075686802	100	-9	100
1.48	740	100	-15.59687238	100	-12	100
1.482	741	100	-12.11455208	100	-7	100
1.484	742	100	-9.409730906	100	-4	100
1.486	743	100	-7.308816302	100	-8	100
1.488	744	100	-5.676973792	100	-9	100
1.49	745	100	-4.40947345	100	-9	100
1.492	746	100	-3.424968445	101	-16	100
1.494	747	100	-20.98574611	101	-17	100
1.496	748	100	-17.41660181	101	-20	100
1.498	749	100	-14.64434187	101	-19	100
1.5	750	100	-12.49104558	101	-15	100
1.502	751	100	-10.81851666	101	-15	100
1.504	752	100	-9.51941398	101	-15	100
1.506	753	100	-8.510362507	101	-13	100
1.508	754	100	-7.726602384	102	-14	100
1.51	755	100	-25.44330454	102	-16	100
1.512	756	100	-21.9952714	102	-17	100
1.514	757	100	-19.31708207	102	-20	100
1.516	758	100	-17.23685321	102	-19	100
1.518	759	100	-15.62107793	102	-17	100
1.52	760	100	-14.36605748	102	-16	100
1.522	761	100	-13.39124598	102	-13	100
1.524	762	100	-12.63408105	102	-13	100
1.526	763	100	-12.04596866	103	-13	100
1.528	764	100	-29.9146362	103	-12	100
1.53	765	100	-26.58463906	103	-16	100
1.532	766	100	-23.99813179	103	-16	100
1.534	767	100	-21.9891151	103	-17	100
1.536	768	100	-20.42865241	103	-20	100
1.538	769	100	-19.21659489	103	-18	100
1.54	770	100	-18.27515396	103	-17	100
1.542	771	100	-17.54390895	103	-16	100
1.544	772	100	-16.97592932	103	-15	100
1.546	773	100	-16.53476275	103	-16	100
1.548	774	100	-16.19209562	104	-17	100
1.55	775	100	-34.25140775	104	-18	100
1.552	776	100	-31.06948991	104	-21	100
1.554	777	100	-28.59800021	104	-22	100
1.556	778	100	-26.67832106	104	-22	100
1.558	779	100	-25.18724949	104	-23	100
1.56	780	100	-24.0290901	104	-19	100
1.562	781	100	-23.12951345	104	-17	100
1.564	782	100	-22.43078566	104	-15	100
1.566	783	100	-21.88806311	104	-13	100
1.568	784	100	-21.46651446	104	-14	100
1.57	785	100	-21.13908516	104	-17	100
1.572	786	100	-20.88476113	104	-17	100
1.574	787	100	-20.68722014	104	-19	100
1.576	788	100	-20.53378421	104	-19	100
1.578	789	100	-20.41460598	104	-16	100
1.58	790	100	-20.32203673	104	-13	100
1.582	791	100	-20.25013545	104	-10	100
1.584	792	100	-20.1942876	104	-7	100
1.586	793	100	-20.15090893	104	-9	100
1.588	794	100	-20.11721543	104	-11	100
1.59	795	100	-20.09104469	104	-14	100
1.592	796	100	-20.0707171	104	-17	100
1.594	797	100	-20.05492807	104	-17	100
1.596	798	100	-20.04266425	104	-16	100
1.598	799	100	-20.03313859	104	-13	100
1.6	800	100	-20.02573972	104	-10	100
1.602	801	100	-20.0199928	104	-9	100
1.604	802	100	-20.015529	104	-8	100
1.606	803	100	-20.01206183	104	-10	100
1.608	804	100	-20.00936878	104	-13	100
1.61	805	100	-20.00727701	104	-15	100
1.612	806	100	-20.00565227	104	-15	100
1.614	807	100	-20.00439029	104	-13	100
1.616	808	100	-20.00341006	104	-10	100
1.618	809	100	-20.0026487	104	-6	100
1.62	810	100	-20.00205732	104	-3	100
1.622	811	100	-20.00159798	104	-3	100
1.624	812	100	-20.0012412	104	-4	100
1.626	813	100	-20.00096408	104	-5	100
1.628	814	100	-20.00074883	104	-7	100
1.63	815	100	-20.00058164	104	-6	100
1.632	816	100	-20.00045177	104	-5	100
1.634	817	100	-20.00035091	104	-2	100
1.636	818	100	-20.00027256	104	2	100
1.638	819	100	-20.0002117	103	4	100
1.64	820	100	-1.674692613	103	3	100
1.642	821	100	-4.649839635	103	5	100
1.644	822	100	-6.960724322	103	1	100
1.646	823	100	-8.755656807	103	-1	100
1.648	824	100	-10.14983396	103	0	100
1.65	825	100	-11.23273258	103	-1	100
1.652	826	100	-12.07385197	103	1	100
1.654	827	100	-12.72717428	103	1	100
1.656	828	100	-13.23462904	102	3	100
1.658	829	100	4.696687661	102	3	100
1.66	830	100	1.415351984	102	2	100
1.662	831	100	-1.133358487	102	1	100
1.664	832	100	-3.113017292	101	0	100
1.666	833	100	13.67479499	101	1	100
1.668	834	100	9.505265604	101	6	100
1.67	835	100	6.266668811	101	17	100
1.672	836	100	3.751154895	101	2	100
1.674	837	100	1.797280836	101	5	100
1.676	838	100	0.2796490658	101	3	100
1.678	839	100	-0.8991404166	101	1	100
1.68	840	100	-1.814741072	101	8	100
1.682	841	100	-2.525915182	101	2	100
1.684	842	100	-3.078305147	101	2	100
1.686	843	100	-3.50736277	101	14	100
1.688	844	100	-3.840624516	100	15	100
1.69	845	100	14.22599305	100	13	100
1.692	846	100	11.04974956	100	15	100
1.694	847	100	8.582667298	100	7	100
1.696	848	100	6.666411536	100	15	100
1.698	849	100	5.17799901	100	17	100
1.7	850	100	4.021904978	100	14	100
1.702	851	100	3.123932551	100	15	100
1.704	852	100	2.426450808	100	17	100
1.706	853	100	1.884696108	99	18	100
1.708	854	100	19.78937103	99	21	100
1.71	855	100	16.4873419	99	15	100
1.712	856	100	13.92255821	99	14	100
1.714	857	100	11.93041486	99	16	100
1.716	858	100	10.3830582	99	17	100
1.718	859	100	9.181180517	99	17	100
1.72	860	100	8.247646573	99	17	100
1.722	861	100	7.522543147	99	13	100
1.724	862	100	6.959333871	99	16	100
1.726	863	100	6.521872568	99	17	100
1.728	864	100	6.182083435	98	16	100
1.73	865	100	24.24363099	98	14	100
1.732	866	100	21.06344947	98	14	100
1.734	867	100	18.59330842	98	17	100
1.736	868	100	16.67467681	98	19	100
1.738	869	100	15.18441889	98	19	100
1.74	870	100	14.02689149	98	16	100
1.742	871	100	13.12780572	98	18	100
1.744	872	100	12.42945922	98	18	100
1.746	873	100	11.88703283	98	20	100
1.748	874	100	11.46571421	98	17	100
1.75	875	100	11.13846358	97	20	100
1.752	876	100	29.20975016	97	21	100
1.754	877	100	26.03713322	97	23	100
1.756	878	100	23.57286781	97	23	100
1.758	879	100	21.65879999	97	21	100
1.76	880	100	20.1720869	97	20	100
1.762	881	100	19.01731286	97	20	100
1.764	882	100	18.12036572	97	22	100
1.766	883	100	17.42368034	97	19	100
1.768	884	100	16.88254421	97	18	100
1.77	885	100	16.46222777	97	18	100
1.772	886	100	16.13575555	97	20	100
1.774	887	100	15.88217493	97	17	100
1.776	888	100	15.68521136	97	17	100
1.778	889	100	15.53222393	97	16	100
1.78	890	100	15.41339407	97	16	100
1.782	891	100	15.3210954	97	18	100
1.784	892	100	15.24940429	97	17	100
1.786	893	100	15.19371969	97	16	100
1.788	894	100	15.15046781	97	16	100
1.79	895	100	15.1168728	97	16	100
1.792	896	100	15.09077856	97	17	100
1.794	897	100	15.07051039	97	17	100
1.796	898	100	15.05476751	97	15	100
1.798	899	100	15.04253954	97	17	100
1.8	900	100	15.03304172	97	18	100
1.802	901	100	15.02566448	97	19	100
1.804	902	100	15.01993436	97	17	100
1.806	903	100	15.01548361	97	17	100
1.808	904	100	15.01202658	97	15	100
1.81	905	100	15.0093414	97	16	100
1.812	906	100	15.00725574	97	14	100
1.814	907	100	15.00563575	97	16	100
1.816	908	100	15.00437745	97	15	100
1.818	909	100	15.0034001	97	15	100
1.82	910	100	15.00264096	97	16	100
1.822	911	100	15.00205131	97	15	100
1.824	912	100	15.00159331	97	11	100
1.826	913	100	15.00123757	97	9	100
1.828	914	100	15.00096126	97	8	100
1.83	915	100	15.00074664	97	8	100
1.832	916	100	15.00057994	97	8	100
1.834	917	100	15.00045045	97	7	100
1.836	918	100	15.00034988	97	9	100
1.838	919	100	15.00027176	97	9	100
1.84	920	100	15.00021109	97	7	100
1.842	921	100	15.00016396	97	6	100
1.844	922	100	15.00012735	97	3	100
1.846	923	100	15.00009892	97	3	100
1.848	924	100	15.00007683	97	4	100
1.85	925	100	15.00005968	97	5	100
1.852	926	100	15.00004635	97	4	100
1.854	927	100	15.000036	97	5	100
1.856	928	100	15.00002797	97	6	100
1.858	929	100	15.00002172	97	6	100
1.86	930	100	15.00001687	97	4	100
1.862	931	100	15.0000131	97	1	100
1.864	932	100	15.00001018	97	2	100
1.866	933	100	15.00000791	97	1	100
1.868	934	100	15.00000614	98	2	100
1.87	935	100	-3.325467055	98	3	100
1.872	936	100	-0.3502843832	98	3	100
1.874	937	100	1.960627993	98	1	100
1.876	938	100	3.755581985	98	0	100
1.878	939	100	5.149775839	99	-1	100
1.88	940	100	-12.09278438	99	-5	100
1.882	941	100	-8.276471177	99	-4	100
1.884	942	100	-5.312227836	99	-6	100
1.886	943	100	-3.00981236	99	-10	100
1.888	944	100	-1.221458163	99	-4	100
1.89	945	100	0.167609435	99	1	100
1.892	946	100	1.246539323	99	0	100
1.894	947	100	2.084576077	99	3	100
1.896	948	100	2.735504011	99	0	100
1.898	949	100	3.241098989	100	-4	100
1.9	950	100	-14.69166226	100	0	100
1.902	951	100	-11.41144861	100	-6	100
1.904	952	100	-8.863609646	100	-6	100
1.906	953	100	-6.884627767	100	-6	100
1.908	954	100	-5.347494011	100	-13	100
1.91	955	100	-4.153556759	100	-4	100
1.912	956	100	-3.226190382	100	-4	100
1.914	957	100	-2.50587749	100	-7	100
1.916	958	100	-1.946389162	100	-4	100
1.918	959	100	-1.511818029	100	-8	100
1.92	960	100	-1.174273778	100	-10	100
1.922	961	100	-0.9120931743	101	-7	100
1.924	962	100	-19.03392157	101	-17	100
1.926	963	100	-15.90056196	101	-15	100
1.928	964	100	-13.46678887	101	-14	100
1.93	965	100	-11.57640534	101	-15	100
1.932	966	100	-10.10808853	101	-11	100
1.934	967	100	-8.967603444	101	-10	100
1.936	968	100	-8.081754943	101	-12	100
1.938	969	100	-7.393690212	101	-9	100
1.94	970	100	-6.859249985	101	-12	100
1.942	971	100	-6.444134454	101	-15	100
1.944	972	100	-6.121701943	102	-13	100
1.946	973	100	-24.1967309	102	-16	100
1.948	974	100	-21.02702078	102	-12	100
1.95	975	100	-18.56501318	102	-8	100
1.952	976	100	-16.65269906	102	-8	100
1.954	977	100	-15.16734813	102	-7	100
1.956	978	100	-14.01363212	102	-8	100
1.958	979	100	-13.11750678	102	-10	100
1.96	980	100	-12.42145972	102	-10	100
1.962	981	100	-11.88081938	102	-14	100
1.964	982	100	-11.46088804	102	-13	100
1.966	983	100	-11.13471495	102	-12	100
1.968	984	100	-10.88136666	102	-10	100
1.97	985	100	-10.68458356	102	-8	100
1.972	986	100	-10.5317363	102	-9	100
1.974	987	100	-10.41301531	103	-12	100
1.976	988	100	-28.64627303	103	-14	100
1.978	989	100	-25.59946387	103	-17	100
1.98	990	100	-23.23291709	103	-17	100
1.982	991	100	-21.3947502	103	-17	100
1.984	992	100	-19.96699162	103	-18	100
1.986	993	100	-18.8580093	103	-16	100
1.988	994	100	-17.99662993	103	-12	100
1.99	995	100	-17.32757109	103	-11	100
1.992	996	100	-16.80789331	103	-11	100
1.994	997	100	-16.40424421	103	-12	100
1.996	998	100	-16.09071801	103	-15	100
1.998	999	100	-15.84719294	103	-13	100
